5
5
103556
361284
5
443975
5
5
473053
5
213600
5
497061
249600
5
5
5
5
5
5
5
5
436905
5
402998
292764
80049
5
475112
5
5
5
415099
310539
176899
329644
337293
239424
454460
5
5
5
348150
226168
346979
5
143773
148299
5
5
5
464419
22305
5
468619
5
5
5
5
308516
236575
5
187186
107680
246798
248338
284443
85733
5
451199
218596
5
5
267490
5
182015
148838
5
190633
5
5
5
335391
5
5
5
5
5
334642
5
5
5
5
5
5
366597
254915
417421
5
5
28653
302971
5
472950
87961
255613
248884
212233
369433
5
5
5
5
112322
496825
156932
462894
5
163187
5
287148
2908
5
15764
5
5
161413
5
5
5
485313
56706
283663
408626
18392
434848
207452
214711
356184
5
306016
280500
5
5
5
5
246005
5
420415
5
5
265352
83601
5
295974
210051
5
38615
90062
403250
134637
359175
5
269685
233474
123683
130434
5
5
5
41145
197818
317680
5
5
438211
5
172947
5
268437
5
484622
282293
483193
5
272607
5
5
270579
465508
5
66887
5
5
5
405489
5
5
5
377528
5
147566
328595
5
352610
295439
5
5
5
5
129433
5
170171
5
5
317855
5
5
371765
307805
279104
383111
171827
5
428408
398359
5
138294
5
5
423294
5
5
342823
5
259497
202827
38784
275832
239112
390564
215060
392526
5
218428
204764
5
270818
5
130632
371230
5
215744
5
5
16645
261352
439658
5
288375
5
179190
57081
382802
311142
90733
277138
5
389321
84775
79724
219084
243383
414909
396839
297477
318090
5
5
106480
49835
152073
168769
380804
130958
5
5
441322
5
5
93311
5
5
345841
5
5
5
443065
5
5
5
36531
22891
225910
5
5
76177
231457
169711
92848
5
5
180450
383542
128990
86725
5
154713
5
5
5
307294
5
5
5
97311
149131
163923
240176
5
391193
5
248625
94160
494513
5
497010
422976
5
479721
242820
5
5
132684
5
423683
5
218584
5
373041
270656
5
5
5
5
5
5
5
5
5
430712
5
5
122534
5
232948
291013
55021
5
207547
5
5
51559
5
228527
5
355197
5
5
368664
110963
58274
392451
81010
5
204867
5
460017
259413
371498
300869
5
5
5
5
126755
175445
64816
242321
5
5
5
5
34352
5
5
5
457960
5
5
294584
5
5
218366
202400
339673
5
407500
350010
96500
391947
163598
306398
6681
410436
5
248221
5
111634
315282
212127
5
121036
5
5
5
165044
409767
5
239648
5
5
5
350137
330840
125898
5
5
5
5
5
5
5
5
465774
375091
373742
112368
393248
5
200407
494207
28630
336092
432025
5
296050
25583
133997
235431
494582
126815
5
5
5
491702
5
5
156049
5
5
488012
344342
5
367164
253434
179567
5
97310
5
5
54716
5
5
34961
50598
333738
467375
5
5
233182
25491
294165
5
5
479665
176889
263955
5
454355
247860
497739
493810
5
5
5
5
102496
11659
466407
5
5
493056
5
5
5
406702
179033
5
5
383627
5
5
280821
466684
126682
226659
167957
5
5
5
5
158837
5
493936
284055
5
5
220915
5
5
373885
258444
5
225713
5
5
187569
439328
289091
5
5
345826
5
5
5
5
54303
35210
5
87099
5
214986
5
5
5
5
5
5
5
439790
268119
5
186957
5
321429
373197
220825
5
5
467453
477632
406908
13664
5
5
5
5
5
456789
236860
439270
5
5
5
5
301800
21818
476775
5
5
56875
5
441800
5
5
182741
25298
5
5
5
452779
218776
291226
386801
5
5
5
5
5
445682
471797
288437
469626
361037
85623
5
181724
498325
5
246543
5
203371
5
137069
11705
5
5
138063
5
5
111481
187003
5
7415
5
5
406470
5
322269
5
493496
5
211645
13312
5
364615
5
473233
204755
5
324619
5
5
152670
185401
112884
5
5
5090
29396
313422
5
5
466444
387011
300030
337439
5
245573
5
5
55025
5
380427
246494
206174
399871
5
5
453797
86724
5
5
5
5
5
5
5
5
5
5
5
5
301149
5
5
5
259238
5
5
136234
5
5
119421
5
466361
419129
105209
34724
299595
252299
378679
5
5
76360
227805
78860
379539
5
5997
5
5
5
5
362601
5
5
5
228945
403224
436458
5
361118
185267
5
363648
49766
168532
30157
5
217134
5
5
5
5
193231
5
5
81337
122377
5
5
442978
157918
5
267605
190865
5
220901
5
5
5
5
5
58110
5
5
5
42527
68013
5
5
5
458733
5
254213
5
5
60088
5
428014
86575
5
380653
5
5
5
5
90128
433102
245584
5
5
294019
253003
453302
253382
469429
81970
411199
337221
446085
155697
5
490830
5
5
332087
5
5
5
314344
5
60582
92726
497246
167779
466624
5
285777
5
68188
408943
5
5
241817
5
216304
21326
250854
86727
216215
5
5
487372
400715
37603
293774
159109
380321
5
477961
5
34701
477151
65149
327855
5
5
5
5
432597
343391
350536
66945
5
245686
5
5
231600
333457
5
375313
252993
5
5
5
487235
94097
442991
465469
494997
309467
5
5
184933
119693
488204
133945
311599
253850
5
431621
159270
52382
289843
66514
5
5
184671
61199
5
369136
5
5
481288
200550
5
242482
5
5
5
5
74917
414112
5
5
355050
341212
5
5
5
5
5
5
5
5
5
5
305239
195856
5
5
5
493665
114484
75649
108380
5
81342
5
5
5
351004
5
5
5
332170
5
404454
5
5
208175
359249
484048
234392
5
5
348879
5
5
5
5
440887
5
5
5
332790
6877
5
291822
5
5
5
5
5
5
5
5
73219
5
187387
5
5
412298
5
238565
454897
434658
5
167897
5
137829
258506
5
276193
309108
73124
5
5
5
5
300485
106972
5
5
107547
60260
408222
5
58672
5
5
157582
5
5
5
497590
5
432389
5
120777
465471
454394
5
92724
5
450341
5
5
5
5
5
117788
5
158859
5
218875
192266
83366
344962
146702
322550
459747
5
65486
5
31242
5
5
5
135286
5
56438
5
5
5
5
5
5
5
5
5
5
5
5
85976
5
226407
5
273993
302397
5
5
5
5
5
5
107012
292614
266597
174460
5
5
5
5
276483
5
158193
5
5
167534
5
293219
412675
295771
5
306272
5
5
473500
5
487907
92903
5
312478
64158
336651
57927
5
5
4113
5
295306
5
320217
224648
5
28384
437929
481601
5
5
173308
209169
5
436740
187904
5
168245
5
5
445607
463451
5
5
5
337277
5
488327
5
5
5
5
5
42361
5
5
161585
480328
72762
5
213206
393593
391483
5
79468
58581
191755
5
339297
5
412641
5
5
206889
5
259031
5
5
5
395906
289432
5
301346
465476
5
5
5
5
103288
5
5
5
5
401457
5
109793
320785
70562
5
272694
178900
5
358181
216993
5
5
5
5
370343
182748
5
453446
5
5
5
5
5
195114
234962
394809
22171
5
270353
378411
5
419944
5
5
5
5
5
5
5
5
252951
5
5
5
5
5
352974
435127
5
102143
494302
5
8108
60820
5
5
23154
5
5
5
18931
399376
447788
266098
5
5
5
5
5
361011
111884
5
5
32248
473764
5
223106
78241
308440
5
44029
5
218401
5
5
449743
5
30042
5
289302
377848
215573
32272
5
5
346319
5
5
51975
5
5
5
5
290304
202496
110260
5
265881
5
365088
121704
5
5
289391
5
333585
5
240154
5
297155
146988
196739
5
58608
5
45474
5
5
5
5
5
279928
5
261087
5
468652
5
172591
282962
7408
480103
129333
66408
334552
217257
5
5
5
430751
150941
5
484103
483600
249888
5
5
5
184827
5
5
122497
100107
100674
5
87207
229430
5
236563
5
5
5
454349
375452
213201
421416
5
5
5
5
453684
109431
459663
5
201542
97868
428685
5
5
5
57033
140428
5
466595
5
475447
279345
5
5
5
5
5
5
446652
395718
5
5
5
5
5
5
5
363557
336979
264635
5
5
422416
132061
271458
5
5
259124
260169
5
342123
5
5
260810
273901
138007
5
338787
5
427647
472911
5
43981
203359
5
125353
5
5
313329
5
376793
475378
5
217566
5
335050
7540
5
416970
5
423811
5
5
214737
201307
365870
5
5
5
416880
5
470000
69497
5
5
236711
5
5
5
412444
5
25397
5
322710
329063
5
5
5
237358
5
5
480791
429170
274849
73753
7562
229828
5
5
311590
5
5
5
5
195368
421117
8612
5
279971
448029
5
149232
475337
5
5
5
5
288964
404744
39302
394395
5
5
5
5
498761
241441
115207
5
5
403741
5
302543
167261
5
5
5
5
5
5
225618
53498
215249
30059
320845
5
162627
201980
5
283373
338947
5
96018
146334
6775
5
5
5
62287
5
5
5
5
5
5762
5
5
218228
277515
5
5
5
320112
402082
280166
5
5
5
5
5
234951
5
5
5
5
5
352893
55936
5
5
245943
308757
264764
5
5
5
5471
490243
5
5
5
418689
191420
315936
55419
5
169246
5
249294
75666
5
396224
5
408008
5
379805
5
5
120501
5
385011
5
301403
210706
92701
497875
5
171811
5
302068
180499
270027
77272
5
5
5
392949
407517
270821
401508
5
5
5
5
321816
5
145853
5
441989
5
5
51803
5
467511
5
5
436380
298567
433213
385574
242115
5
291353
422441
5
142984
21112
5
5
460321
5
132173
421552
5
220269
41180
5
406568
54084
5
158764
5
5
159966
5
5
415607
493653
5
78794
5
129307
392197
10182
435729
5
408528
294973
5
5
138422
56787
173185
5
5
72153
489497
5
216318
5
429352
153824
469979
364492
429753
119948
5
5
163550
5
5
5
5
5
5
5
5
93282
5
126128
153497
5
232641
381121
346077
5
5
176347
5
5
5
5
5
5
5
5
5
5
365493
5
298132
256479
232112
5
5
5
72445
332574
5
182460
30914
310788
5
130356
5
5
261815
5
5
5
291724
407344
330912
409161
5
233380
89269
336919
5
5
105736
443916
5
5
5
415617
5
344139
5
5
16289
5
5
5
5
5
122647
131579
131286
207427
5
5
5
396519
5
206537
5
5
5
5
281655
5
235561
5
5
27136
5
5
109266
42661
459579
5
53524
297931
328335
5
195107
377247
472481
5
313534
368411
108847
5
467149
262443
5
5
198104
5
278277
341544
407263
5
5
5
5
5
206258
445143
5
184073
5
5
5
5
246128
5
483727
460470
268293
38852
417428
119020
69505
330608
127030
5
5
18947
5
5
441264
5
282370
5
5
470291
5
304267
214658
5
5
324362
5
5
81493
118895
5
5
108713
5
5
5
479913
412842
5
5
5
287254
5
73273
5
171330
377136
113554
5
5
5
118354
5
5
58617
5
478676
190739
398744
118225
446581
434943
277370
178611
496615
5
219641
21103
5
228581
5
5
5
5
63302
5
5
5
389098
5
5
151312
463731
5
144443
400764
294330
5
97981
5
85782
67783
460717
5
5
5
5
5
485930
192937
5
5
5
5
5
392148
5
200802
311934
5
5
48120
5
95474
307856
5
5
5
5
5
5
5
5
499357
5
5
5
128048
65885
5
194335
482111
5
5
309880
275800
340269
5
12570
47867
5
482397
5
386342
5
145049
470305
5
5
399892
5
114554
87864
317506
219769
231462
5
411190
5
12558
244038
5
5
425644
5
5
94256
5
306240
5
108555
5
5
282574
5
256418
5
179845
5
5
129103
5
122520
5
5
170630
5
167415
457533
459897
5
357362
5
50626
5
5
5
5
5
475030
205704
5
5
5
469687
9434
5
5
5
302908
5
5
5
5
5
160521
5
269694
5
1662
5
5
306760
5
431908
470368
153643
5
433568
53272
123492
258776
5
70737
439491
5
5
220515
5
291165
170471
5
66388
5
229606
5
363774
5
5
246453
120228
5
481744
447191
214814
5
5
5
5
441294
165100
462201
378000
305470
5
181712
329691
5
5
334312
208615
97067
5
37917
380140
413385
93606
5
277089
200939
107634
5
5
447899
86320
73926
138165
5
5
117020
5
5
68283
193465
281411
145322
5
275289
5
5
220132
5
452948
325612
5
307880
5
5
5
5
279638
96614
5
478794
426657
5
356952
423696
391426
99049
5
5
254176
386878
5
139472
5
5
80275
103988
5
496372
97960
5
474210
5
313968
5
5
323940
5
413692
5
5
5
106230
9920
5
5
5
5
394249
5
5
383203
88860
5
455747
353624
5
5
18833
5
11199
5
5
5
302952
30533
37570
69133
120192
291106
131960
394914
5
5
391027
293879
415694
5
195110
475421
262953
353559
5
5
145139
464347
253057
101637
5
146976
55854
208440
5
310072
5
5
5
155094
299777
5
5
5
309265
174098
123016
454979
472780
5
5
5
5
5
5
288200
5
289866
483712
126694
194341
5
138173
326461
5
5
5
5
5
480702
5
5
5
332753
5
5
257045
493773
5
5
5
469482
306096
5
389749
5
442267
292144
5
5
5
68681
5
36912
133498
5
45771
485065
5
438395
5
5
5
466592
5
296623
377996
5
5
5
5
44024
240064
5
180503
424910
155758
5
73588
433315
1244
419733
45968
301313
5
459490
124789
5
176328
5
181496
375270
5
5
5
387765
5
417834
116083
73745
383561
5
88711
5
184856
111173
368069
5
232147
5
5
5
5
73525
54454
490090
287387
76668
100947
347732
46447
5
222699
185384
5
5
5
5
5
5
5
5
68113
110843
443075
13854
23746
5
5
5
5
475843
282610
422488
451952
483699
366654
14660
5
158553
5
5
5
5
333550
5
485665
111936
163621
381917
357161
5
186476
459601
256467
155751
209487
5
5
5
398958
147631
86394
5
5
5
5
5
13031
186875
373190
5
5
348230
5
260306
345444
5
380483
5
5
5
5
5
62678
5
5
60250
5
290040
5
5
5
23470
237549
5
365749
133616
5
329208
112380
5
5
63897
241069
5
5
324847
5
202522
5
206877
5
451885
5
5
5
80673
5
361812
5
185785
179841
240907
186138
240317
499734
5
5
5
354934
5
5
5
11958
232786
122899
5
5
5
5
5
107749
481346
223573
347482
5
294184
5
310079
225583
378131
106005
5
265726
5
5
264224
5
1348
91197
5
492836
5
444551
316934
224150
5
298048
312996
77891
292693
5
5
5
5
5
74859
5
5
198174
140075
5
202150
5
5
5
169317
5
261938
315489
486375
5
230663
5
139853
159721
5
5
213096
5
188359
5
5
345604
264653
495675
345653
5
357302
246176
377681
253825
5
5
5
5
5
277632
5
5
5
5
88900
283455
304991
5
270339
5
5
5
421557
39580
4396
5
140330
81500
5
177498
5
44956
83119
5
5
5
126462
127672
5
217951
129713
364832
263051
5
192271
5
415746
242605
334012
5
312380
5
5
13534
388348
5
5
5
256221
444184
93544
5
381250
426021
485512
159491
5
94676
5
5
106411
5
190663
5
383566
81142
5
5
5
201408
49804
457630
337941
5
318839
5
5
365635
5
5
5
5
440314
5
5
5
5
117346
5
5
437932
5
5
271256
103582
37188
5
13540
341580
345578
5
356613
5
393255
5
161390
5
5
5
5
76128
55645
5
451089
345432
5
5
20875
5
5
5
242574
117371
97622
5
326135
5
234393
481914
66286
26454
5
5
360714
5
5
5
173662
235997
5
481794
5
5
5
359918
148831
5
5
419156
5
5
5
5
5
5
350513
190938
5
5
5
59625
5
358582
322507
5
233571
5
5
5
5
150528
388746
5
224385
138888
25349
30960
329762
459695
393316
5
5
218893
239025
5
5
271766
117356
54451
200293
5
229428
5
5
5
5
5
94848
5
300840
51546
5
445108
154310
5
450361
5
332417
495934
194840
5
449296
5
64865
5
5
5
255695
473773
5
5
80842
5
398730
5
85320
5
5
5
5
395700
251304
81764
5
5
90410
5
5
5
5
5
344379
5
5
122150
110903
369421
427987
5
5
5
430432
249915
318611
5
5
5
5
444449
5
5
192161
5
112685
5
215290
453455
482432
5
64679
5
226715
5
241623
5
77431
50365
135331
177921
450049
5
232103
5
248737
5
5
5
95091
5
457569
400673
376505
5
5
471265
5
5
5
5
5
407522
5
5
5
451770
453256
493987
5
5
358089
35155
5
389769
5
5
352087
5
5
458842
5
5
5
5
108474
344676
5
57373
38172
18031
342484
404674
45775
5
5
80773
5
5
5
71592
49089
306512
5
39252
110263
303170
5
207033
5
261733
5
300565
341880
5
5
226738
5
5
282845
407776
5
466924
201351
5
5
438748
413443
104659
5
103952
263249
5
417004
5
129312
5
5
19504
5
192975
112276
304611
5
5
183750
5
5
5
5
468836
93750
29607
10893
5
177457
144543
5
388610
360845
5
206285
5
401812
5
5
57991
391318
5
266653
5
83080
5
5
5
386283
5
471319
5
5
364800
5
5
132454
58996
411313
243680
129129
346828
173267
5
5
42864
122239
259038
211836
131772
5
339540
5
328857
5
180969
5
5
333124
5
332978
5
5
193385
5
190187
192048
276244
5
5
151449
5
5
426590
5
5
228763
440331
223501
5
5
5
5
208652
417841
405199
41634
192960
78382
50301
5
5
109510
5
5
375883
5
5
128411
226142
5
5
270790
148414
5
5
48439
5
5
5
5
5
5
5
60301
5
5
187610
5
5
268118
329662
5
5
234050
5
333819
219544
64487
5
31630
5
100544
187282
443328
5
353993
31997
5
246790
5
5
5
5
5
5
279624
5
5
5
281084
256139
278695
215282
349394
5
5
5
359828
5
5
5
265035
455858
5
5
333110
230402
5
153963
433973
5
494568
5
351569
333964
5
5
276577
261413
125613
248652
5
5
5
5
230121
5
5
242608
5
2642
5
5
480031
238402
331993
5
407823
59115
5
65237
428576
5
5
304566
5
5
5
413818
5
253743
5
5
5
5
5
5
17726
284473
5
5
42407
5
5
5
5
111209
5
5
196499
457602
59899
451568
416499
5
496980
5
5
464380
5
483683
259844
297737
5
102329
5
211166
5
310054
345471
5
221836
5
5
293647
5
5
461853
263169
5
120757
202815
144295
5
10890
5
309132
116096
224376
153424
390026
417275
5
5
5
5
289493
5
219436
5
11164
424432
451753
492308
5
482878
5
364771
290847
148744
5
14427
5
340746
5
72816
219217
3548
122654
25677
93954
5
5
5
99799
5
286238
5
5
465849
450774
244849
115725
365775
305250
5
5
71216
5
5
5
249262
454884
5
5
5
5
311455
5
34941
5
5
5
133924
8585
5
5
5
5
5
5
5
5
214012
5
5
217054
5
5
5
117950
409515
5
5
322193
264672
178503
61517
5
5
5
246217
491726
472265
467946
5
5
5
466676
5
238901
5
385438
427164
5
5
5
284240
5
165371
5
415552
279336
5
209880
129304
289614
5
376170
208758
5
419507
2259
5
5
5
362951
269101
497989
5
207277
105374
5
189139
5
5
274167
5
5
5
284882
390606
5
5
328314
137713
78327
224897
5
463226
368231
391747
110833
130178
5
42387
5
5
5
5
39947
5
255653
5
5
35728
126146
427556
484879
5
267007
5
5
5
5
322902
5
5
470139
96938
400334
5
5
383405
5
5
323100
350505
236197
5
242849
5
322299
5
5
5
5
396954
247809
5
5
116662
210229
5
5
164508
488912
473101
5
272562
5
5
436384
240635
335829
5
5
422252
5
5
5
54000
285286
5
5
111184
5
5
125688
83613
5
5
391537
5
285573
5
92330
432747
27478
31662
5
431915
5
46520
416078
5
5
479729
445658
23588
5
5
5
73264
236759
5
5
291243
5
298990
5
5
5
151071
151861
5
5
234598
292591
415845
5
5
7864
5
5
5
227023
52277
85274
308314
5
5
5
5
218071
5
5
5
5
303901
199041
58494
5
139791
443266
5
228429
190018
5
411987
5
5
481399
429992
5
464114
5
20862
81654
289506
172503
437254
5
5
215103
399709
5
5
273198
104126
5
5
5
297302
12320
5
5
264574
135385
5
357764
5
187182
5
5
319451
360245
259052
414876
5
5
5
5
409386
468132
130137
5
5
438235
69029
5
99279
5
258356
5
5
5
5
406385
285650
343147
197335
197833
269971
5
5
5
5
5
271201
348656
5
459025
5
5
107760
168241
300634
54477
5
351278
5
338619
73956
5
5
317687
392445
5
5
120794
347739
465005
5
5
91695
154139
5
5
41843
136816
289054
5
141509
5
5
424463
39610
5
156585
76808
5
5
317875
383731
111401
34485
233239
5
336077
5
5
481212
5
480605
129391
78097
5
328962
5
55488
5
5
19971
141894
5
192913
5
5
176075
5
312421
74529
418142
5
5
5
5
237156
5
2089
494142
185302
5
381452
497355
342425
5
495187
109760
159345
5
423283
5
329831
5
5
5731
5
5
5
5
227303
5
263042
268953
334430
5
5
319035
315819
102183
5
5
161985
447366
401536
5
180914
233053
5
207421
5
101293
276656
98384
5
86991
5
5
5
5
5
436
118836
74280
413264
5
167724
5
147210
5
496067
188396
283771
5
5
410933
5
449164
307960
5
77726
49876
458978
5
387885
5
2571
79292
5
152910
279245
5
5
395566
360199
5
395462
52563
282176
267905
348144
5
5
5
487341
5
5
5
247000
5
5
5
5
260537
210782
269640
5
5
5
232110
5
323083
5
5
5
496785
361895
5
5
5
5
253289
250070
201345
5
5
219050
379461
26332
432826
5
5
5
38131
92933
4398
158601
338897
5
316703
136725
431683
5
5
5
488714
5
242813
5
488531
5
297502
5
306903
816
5
157799
5
152061
83335
5
185316
469063
89038
211542
5
254723
151278
55388
323997
85195
418520
318676
5
5
5
165465
92482
66972
214179
457385
246300
211575
210434
478670
382681
5
5
5
74751
5
369091
396611
270086
5
5
266762
5
77326
5
5
62908
5
239431
5
5
371659
203586
5
158192
5
343160
5
5
5
5
5
105456
73515
5
218887
5
5
265269
5
5
219845
213018
5
5
5
5
461980
5
185102
5
53874
5
5
5
5
66939
85032
5
5
5
5
5
5
17758
5
5
84232
5
442964
143926
5
407962
5
46471
5
264449
5
5
82303
52548
5
214740
441839
5
335550
408722
5
5
446040
92155
5
488206
5
5
294703
269365
16749
404352
5
5
435931
5
1304
481477
156237
450893
149968
133745
358323
75834
5
90148
446793
5
193819
291754
459813
5
5
179890
177215
5
19338
13224
5
5
83291
