999000
998000
997000
996000
995000
994000
993000
992000
991000
990000
989000
988000
987000
986000
985000
984000
983000
982000
981000
980000
979000
978000
977000
976000
975000
974000
973000
972000
971000
970000
969000
968000
967000
966000
965000
964000
963000
962000
961000
960000
959000
958000
957000
956000
955000
954000
953000
952000
951000
950000
949000
948000
947000
946000
945000
944000
943000
942000
941000
940000
939000
938000
937000
936000
935000
934000
933000
932000
931000
930000
929000
928000
927000
926000
925000
924000
923000
922000
921000
920000
919000
918000
917000
916000
915000
914000
913000
912000
911000
910000
909000
908000
907000
906000
905000
904000
903000
902000
901000
900000
899000
898000
897000
896000
895000
894000
893000
892000
891000
890000
889000
888000
887000
886000
885000
884000
883000
882000
881000
880000
879000
878000
877000
876000
875000
874000
873000
872000
871000
870000
869000
868000
867000
866000
865000
864000
863000
862000
861000
860000
859000
858000
857000
856000
855000
854000
853000
852000
851000
850000
849000
848000
847000
846000
845000
844000
843000
842000
841000
840000
839000
838000
837000
836000
835000
834000
833000
832000
831000
830000
829000
828000
827000
826000
825000
824000
823000
822000
821000
820000
819000
818000
817000
816000
815000
814000
813000
812000
811000
810000
809000
808000
807000
806000
805000
804000
803000
802000
801000
800000
799000
798000
797000
796000
795000
794000
793000
792000
791000
790000
789000
788000
787000
786000
785000
784000
783000
782000
781000
780000
779000
778000
777000
776000
775000
774000
773000
772000
771000
770000
769000
768000
767000
766000
765000
764000
763000
762000
761000
760000
759000
758000
757000
756000
755000
754000
753000
752000
751000
750000
749000
748000
747000
746000
745000
744000
743000
742000
741000
740000
739000
738000
737000
736000
735000
734000
733000
732000
731000
730000
729000
728000
727000
726000
725000
724000
723000
722000
721000
720000
719000
718000
717000
716000
715000
714000
713000
712000
711000
710000
709000
708000
707000
706000
705000
704000
703000
702000
701000
700000
699000
698000
697000
696000
695000
694000
693000
692000
691000
690000
689000
688000
687000
686000
685000
684000
683000
682000
681000
680000
679000
678000
677000
676000
675000
674000
673000
672000
671000
670000
669000
668000
667000
666000
665000
664000
663000
662000
661000
660000
659000
658000
657000
656000
655000
654000
653000
652000
651000
650000
649000
648000
647000
646000
645000
644000
643000
642000
641000
640000
639000
638000
637000
636000
635000
634000
633000
632000
631000
630000
629000
628000
627000
626000
625000
624000
623000
622000
621000
620000
619000
618000
617000
616000
615000
614000
613000
612000
611000
610000
609000
608000
607000
606000
605000
604000
603000
602000
601000
600000
599000
598000
597000
596000
595000
594000
593000
592000
591000
590000
589000
588000
587000
586000
585000
584000
583000
582000
581000
580000
579000
578000
577000
576000
575000
574000
573000
572000
571000
570000
569000
568000
567000
566000
565000
564000
563000
562000
561000
560000
559000
558000
557000
556000
555000
554000
553000
552000
551000
550000
549000
548000
547000
546000
545000
544000
543000
542000
541000
540000
539000
538000
537000
536000
535000
534000
533000
532000
531000
530000
529000
528000
527000
526000
525000
524000
523000
522000
521000
520000
519000
518000
517000
516000
515000
514000
513000
512000
511000
510000
509000
508000
507000
506000
505000
504000
503000
502000
501000
500000
499000
498000
497000
496000
495000
494000
493000
492000
491000
490000
489000
488000
487000
486000
485000
484000
483000
482000
481000
480000
479000
478000
477000
476000
475000
474000
473000
472000
471000
470000
469000
468000
467000
466000
465000
464000
463000
462000
461000
460000
459000
458000
457000
456000
455000
454000
453000
452000
451000
450000
449000
448000
447000
446000
445000
444000
443000
442000
441000
440000
439000
438000
437000
436000
435000
434000
433000
432000
431000
430000
429000
428000
427000
426000
425000
424000
423000
422000
421000
420000
419000
418000
417000
416000
415000
414000
413000
412000
411000
410000
409000
408000
407000
406000
405000
404000
403000
402000
401000
400000
399000
398000
397000
396000
395000
394000
393000
392000
391000
390000
389000
388000
387000
386000
385000
384000
383000
382000
381000
380000
379000
378000
377000
376000
375000
374000
373000
372000
371000
370000
369000
368000
367000
366000
365000
364000
363000
362000
361000
360000
359000
358000
357000
356000
355000
354000
353000
352000
351000
350000
349000
348000
347000
346000
345000
344000
343000
342000
341000
340000
339000
338000
337000
336000
335000
334000
333000
332000
331000
330000
329000
328000
327000
326000
325000
324000
323000
322000
321000
320000
319000
318000
317000
316000
315000
314000
313000
312000
311000
310000
309000
308000
307000
306000
305000
304000
303000
302000
301000
300000
299000
298000
297000
296000
295000
294000
293000
292000
291000
290000
289000
288000
287000
286000
285000
284000
283000
282000
281000
280000
279000
278000
277000
276000
275000
274000
273000
272000
271000
270000
269000
268000
267000
266000
265000
264000
263000
262000
261000
260000
259000
258000
257000
256000
255000
254000
253000
252000
251000
250000
249000
248000
247000
246000
245000
244000
243000
242000
241000
240000
239000
238000
237000
236000
235000
234000
233000
232000
231000
230000
229000
228000
227000
226000
225000
224000
223000
222000
221000
220000
219000
218000
217000
216000
215000
214000
213000
212000
211000
210000
209000
208000
207000
206000
205000
204000
203000
202000
201000
200000
199000
198000
197000
196000
195000
194000
193000
192000
191000
190000
189000
188000
187000
186000
185000
184000
183000
182000
181000
180000
179000
178000
177000
176000
175000
174000
173000
172000
171000
170000
169000
168000
167000
166000
165000
164000
163000
162000
161000
160000
159000
158000
157000
156000
155000
154000
153000
152000
151000
150000
149000
148000
147000
146000
145000
144000
143000
142000
141000
140000
139000
138000
137000
136000
135000
134000
133000
132000
131000
130000
129000
128000
127000
126000
125000
124000
123000
122000
121000
120000
119000
118000
117000
116000
115000
114000
113000
112000
111000
110000
109000
108000
107000
106000
105000
104000
103000
102000
101000
100000
99000
98000
97000
96000
95000
94000
93000
92000
91000
90000
89000
88000
87000
86000
85000
84000
83000
82000
81000
80000
79000
78000
77000
76000
75000
74000
73000
72000
71000
70000
69000
68000
67000
66000
65000
64000
63000
62000
61000
60000
59000
58000
57000
56000
55000
54000
53000
52000
51000
50000
49000
48000
47000
46000
45000
44000
43000
42000
41000
40000
39000
38000
37000
36000
35000
34000
33000
32000
31000
30000
29000
28000
27000
26000
25000
24000
23000
22000
21000
20000
19000
18000
17000
16000
15000
14000
13000
12000
11000
10000
9000
8000
7000
6000
5000
4000
3000
2000
1000
