25555
46564
23346
4216
19923
31032
1652
30252
2895
2592
24998
32518
20214
47913
44044
24399
34293
30544
13155
33890
17391
22752
13097
40337
49331
8076
14776
36487
48889
42458
11876
18723
37656
33733
23222
5339
31044
781
15908
28665
26517
16004
13507
23522
44219
32276
3246
42561
9097
29923
22034
48694
14462
40728
33859
7082
10803
15739
19270
15996
43124
34124
42960
34491
36714
5711
45042
46412
18486
39541
11973
6696
6208
12069
25272
26034
32019
24696
17406
22204
48102
11101
18966
183
35210
27131
21285
40116
5822
39321
40366
49730
40106
9308
48826
34962
6128
34945
36893
20816
28761
26525
7769
47756
17522
45244
37139
13100
34423
18570
2508
7577
4994
30681
37089
19810
36225
8779
20934
28688
21739
44663
34805
10867
44781
12269
1691
42712
26992
1747
32850
13620
38225
29126
27094
13176
49724
26691
1826
26668
27411
48151
11281
8632
35422
7035
45094
42436
42788
15337
41101
35924
5507
27954
33356
26431
30174
8758
41515
49383
45656
7749
34040
2579
18279
36536
20414
37632
47840
41361
10623
41223
9548
43043
46422
42656
34749
24667
1946
29956
34473
2498
5847
42742
19287
41075
20582
11761
9114
39384
24762
11138
1326
12533
14200
28030
41553
47951
17992
47971
28536
14304
10344
3927
258
43465
16795
30108
5574
41589
14163
5077
39480
11153
30463
8775
6393
22165
34525
35555
39227
34212
48706
16454
44168
27704
8445
11048
691
9445
13219
10029
36556
7818
4193
18808
46650
19300
22212
13344
28351
17561
29146
42349
24688
48058
31278
35169
4895
8338
30099
37485
19305
23203
29845
24173
19965
37881
22244
42418
9997
6970
19498
8456
3907
21826
21140
9619
884
34410
30297
20300
13760
31280
6700
33697
29877
33773
45901
23151
5749
11316
29432
17703
12737
36182
27118
48433
28014
5301
15927
10955
21913
44037
34828
3415
49004
2423
20510
22423
46495
14171
46420
32145
14073
43812
12104
45465
39742
47190
33762
14964
4811
1961
25438
11900
10541
25513
11042
41164
16705
30452
33159
32419
39974
18822
17924
6871
17108
48586
34478
27486
43170
24032
38619
21260
48232
46600
6579
4031
11612
36464
23760
21473
2195
13003
15927
19790
25603
16893
45006
43371
43325
4059
36913
37909
9488
2758
29142
28587
27616
12280
46256
23417
18493
45443
32691
3270
35964
9713
42593
10741
7479
45532
2504
27053
25386
1379
23458
42956
27836
32501
3943
9572
36816
14569
3335
20854
10715
47410
15344
46916
19512
23356
22151
48736
34562
47742
37664
6332
45707
12125
22513
43369
16281
49763
45264
22814
37427
38313
25240
9832
11312
31154
16643
40299
36376
5145
49219
33804
2295
47041
31105
38612
3576
27549
42562
45161
13743
4996
34614
6702
7583
1698
35955
47258
30242
3639
5092
49480
19256
25695
40677
26463
3298
7261
1084
31890
22751
31434
30198
37882
36153
47773
26384
35498
17813
40373
3096
247
32964
46190
9734
34140
42077
6949
11746
18024
18667
37020
32676
8587
40563
6441
14448
31445
19502
36724
25535
29766
46866
33665
17721
12684
48102
37640
16057
39950
15209
8147
23803
34526
27368
28360
33542
7243
14635
39016
25045
21235
43097
45130
8684
42685
47100
17808
27963
8605
10354
19769
28354
6705
7998
28145
43487
21179
47578
30289
42363
19181
1331
47221
25188
7292
17113
9335
37112
43991
5305
20460
41536
22425
41566
3509
11675
15796
20101
22934
29467
10867
49724
49964
19912
24303
46715
32952
27865
18673
5128
5960
12512
27531
48504
36672
3258
49923
3650
3772
17288
46937
8510
28858
34899
31392
25253
11335
21915
13542
40573
32349
43569
21077
19887
18280
25338
9013
33972
45735
38835
20432
47049
48345
21517
26545
35331
32851
8157
9800
39853
26694
24485
25573
42041
769
14961
26290
49804
30458
32843
7416
8585
49428
42718
17476
2138
1691
11505
29026
48116
16258
41464
47369
19294
39014
740
47240
855
42304
4571
16024
23944
30428
4012
5420
1034
3602
12962
14127
16722
10738
19921
8781
32730
22731
2523
32582
42298
47726
18480
25411
44201
44729
35476
34079
20210
11467
32968
3921
12443
28203
44027
6560
37273
15877
28870
16376
28212
16089
37807
845
41953
37088
2617
8246
3671
14195
315
47020
28411
37854
22535
26309
39350
24419
4839
9192
20436
10811
2599
28558
36988
18526
12721
41540
45916
49683
30163
26406
46674
12880
46167
3124
20221
34151
19602
34997
20853
41029
14449
37870
25596
46478
2619
28788
8782
46030
46083
20882
29855
23145
11216
839
6654
31615
43721
29258
27418
18189
14568
13719
15844
16699
11671
42090
46865
43507
12066
21593
1827
10151
27205
34002
18445
32233
27769
26122
15127
45820
49686
21280
24804
32102
15436
40997
18997
12933
25211
44126
49178
7598
37392
1789
36110
40249
45546
18202
36423
33786
41619
45445
37357
5772
22714
34735
23145
6000
40445
4045
13935
36780
18806
44629
38971
4066
16898
39044
15489
862
23523
49751
48240
35089
25739
11694
24126
36514
30260
24179
45595
22818
46156
37108
5915
13492
29214
33431
38616
29640
6155
34017
21700
26017
4979
37260
9209
43749
38545
11
29653
28143
42601
20861
47939
48014
17499
28589
48012
5147
16727
36005
29039
38741
32848
9757
16570
20400
18343
14907
13765
29844
17458
22148
24084
44840
18818
30943
15202
8571
20461
18951
24274
36917
21199
30448
11551
41396
35091
3765
26126
1829
35557
27513
15239
23674
29665
22547
24920
9092
44421
20757
4395
48819
13668
38393
28208
33336
15247
24876
3694
10952
16926
37274
7625
11912
1230
32178
16339
6266
9561
38617
24974
10914
12200
11934
20370
43692
30713
29659
5643
12114
5047
32329
23088
10705
38596
32311
36633
5118
43370
36787
34725
19685
6698
45149
7175
17326
29378
34572
25906
28283
4341
40113
1627
20100
2076
3374
21574
9677
38188
26451
32477
7511
8408
13884
37238
9046
40504
45286
1706
12554
5450
34113
9392
49420
5540
9449
16634
30012
29821
48146
10618
3047
15850
33139
41713
15766
21512
45192
9020
14683
37781
12592
7930
36210
37491
25935
49657
38163
30666
23525
33212
2034
22661
46864
42815
10495
6159
31452
6717
9394
25712
16565
9068
3359
5607
42331
19082
33133
38631
13374
45236
25782
41035
1182
9904
14314
25129
32776
10738
5172
41921
9654
16114
9033
31348
49598
14363
33592
10956
31490
31551
32052
8452
5165
587
27091
43472
24162
39775
25080
22888
2121
27510
14812
44986
12812
6069
31126
22100
47473
26020
9533
30491
39722
32917
36582
11499
26539
46190
15794
47742
32380
25021
21663
10784
40809
38413
18770
15986
33217
13349
41978
5188
20957
2256
37065
10185
18892
18475
28316
4668
41033
14
13769
36888
30855
13076
8161
25904
21272
29740
40006
48403
30667
1138
45070
6029
35223
18179
24583
10142
11014
27659
7785
9312
764
29652
1249
17088
2377
26240
8246
26373
49378
25665
9857
11847
8144
12856
43050
18182
6791
9404
15125
32340
12505
17838
32936
16718
31877
38279
29764
21546
24919
33429
10758
786
11393
4110
28664
6419
28970
42632
30552
44609
39754
4451
3739
37269
12798
19287
36529
18786
42448
15871
17389
8710
23357
10503
703
39122
22706
22507
29000
16501
47974
23424
46666
40976
32397
4763
38908
43400
49399
29199
37595
33778
31955
38998
27545
4781
3674
42330
26635
48330
34023
24728
80
39580
16024
32649
6891
46064
1971
30225
19638
11555
47597
10967
30781
39265
27353
4140
44456
15165
44609
5851
49435
46343
20911
11346
10706
1343
43246
5690
24179
16140
42068
6016
8944
15623
21762
39171
6332
24259
48628
17333
30404
18663
29707
23446
2432
40684
17411
28671
45735
43678
3962
21632
5063
34306
32253
14768
3585
49034
6458
44980
14675
29546
20078
48083
15867
28813
20083
27548
27541
8638
29443
8182
25797
1264
46791
13381
1714
43183
29522
8030
21019
33939
25967
49331
34634
16653
13053
45756
19211
13227
22909
45982
39968
23097
36438
45613
31616
19436
49026
7502
27232
36102
5674
460
19773
17220
19453
36379
8362
23302
23685
5907
28037
6337
38738
19916
13097
10680
10205
25828
39767
45319
311
31951
18504
43086
27453
19472
8214
4672
10761
13998
6619
34688
11373
40988
8986
20822
48735
39602
45596
18746
30214
10485
17158
32530
30661
25008
24814
14198
35837
3005
3148
8576
31546
3703
31356
29054
2579
45236
39780
45825
21511
28392
24663
44271
39192
11819
42936
17875
45187
15323
21236
40844
8349
18068
31061
41029
24291
42326
37310
16152
23851
48099
39696
19952
38259
41779
31168
27053
9409
12455
19199
20451
11529
47324
49780
14089
15649
8738
6221
16541
12637
32820
19781
16004
45983
24996
17034
19940
38551
46512
39681
22157
35923
34998
21200
8309
38603
7803
19428
30345
9086
31444
35789
41742
10827
18018
40617
47901
30170
7120
34946
32765
48083
7183
27220
41147
32443
38450
8816
38458
36027
33155
13925
9139
40929
41455
9610
21386
23371
46583
40496
14496
39306
49476
39277
6830
8730
20521
16610
15596
3410
37122
335
27673
13455
28372
29231
46271
21030
43688
13740
18087
21250
6858
46331
42572
44855
37274
46157
5830
32783
29737
22340
13598
17547
37606
20545
12135
43689
994
20991
49589
31598
7330
2845
18381
24579
23381
47613
41968
25482
23165
40510
35741
42359
24319
46919
7937
7731
41204
35620
8691
38806
40276
35752
27846
8396
37658
10242
35827
15572
43112
19083
7076
40345
6336
19572
36389
9419
32076
19043
9892
29718
21162
49266
44201
10203
31150
17697
26149
48837
34602
16001
589
44266
36561
17244
28792
35189
27533
11475
5145
12159
28498
30324
12983
23937
39472
35903
2797
10609
21962
19207
26809
26987
23283
3303
45730
8871
8567
48026
21081
29886
37460
17030
47798
30753
25439
45284
49900
47514
7848
5184
6256
18449
18466
10154
12638
32378
5828
41610
13209
36876
8095
19728
30561
9106
39548
37847
47429
36893
3723
31125
14718
20855
9208
28402
15154
33762
7052
37319
20053
18849
21618
40162
6117
41396
23467
38029
38615
29832
43183
27527
19173
13870
28185
44365
11684
11278
21889
47345
4996
1912
11881
40609
5084
35450
43762
15000
4177
44942
26362
49582
1760
1669
28524
36545
40908
46216
33009
835
26336
805
29640
11936
36848
17205
1695
14125
24221
49804
7574
19494
20517
35005
22270
45247
7447
47619
19023
1637
35235
19938
27997
29316
4927
22011
2911
24572
10353
14253
23413
3232
14166
8375
11280
30524
26287
39350
29214
31585
9242
39119
9525
17735
26672
38359
42792
3549
2909
39105
27500
30661
15571
44473
26230
4964
35642
34943
79
37158
28392
34108
3382
8450
26073
5723
4960
2382
25167
25745
19030
32345
40373
20993
26305
41355
5034
30875
41466
40511
33117
11087
41408
19339
31606
30328
232
27170
6460
36714
1695
14040
2320
23099
36212
12139
37549
11967
11799
29743
31175
6257
31367
32605
1454
7894
16073
17523
45415
48498
41315
7424
31265
25736
48388
9435
18292
47211
21879
42696
37130
34282
25109
44717
19345
28287
7808
1682
41755
5175
25819
9810
2550
37756
17665
32483
41601
11736
47080
33646
6393
42702
20013
3675
6286
13338
42730
129
27144
30080
4951
49368
29329
20021
49441
4847
11160
0
48333
46429
22240
19100
9970
14910
11387
34102
5023
1962
15878
36027
44802
45344
4331
27512
9289
47023
10751
23019
36639
26159
19901
34662
26472
44413
12708
20189
28655
3530
30022
33097
25918
5695
6889
19621
13646
45770
6642
14772
3903
36183
19562
12370
19637
49303
44706
24186
19289
31782
7514
32797
8812
6425
30918
32912
41366
40583
41489
7271
18846
19502
28914
19286
7735
7559
20253
26085
46398
10125
3538
39024
40924
8254
35536
28194
24307
2631
37798
36577
15595
3558
19241
12062
10235
8141
40099
3419
22441
24074
25679
11341
16912
43411
42402
2590
6008
32294
45817
23804
11052
41993
10689
48150
38749
44816
31627
10639
21307
7809
36700
46342
20566
9490
21757
40427
20132
28223
13263
46598
30662
40984
32509
45229
23668
19648
6108
7284
23364
46311
47762
41495
5140
9178
31801
20669
1863
36876
5168
48676
23380
29989
3438
1886
37073
21675
32453
45080
32976
16053
48482
11620
26141
9751
12255
21174
24766
33506
36690
47676
45334
23097
37884
26275
42367
9672
12889
14456
14239
6321
38829
31177
27615
39402
34200
34919
175
49388
10088
19172
35141
1177
7723
21671
35081
10429
14027
34264
34494
22759
15617
1113
11715
14838
10529
48957
1927
19434
1505
34747
38476
37281
40531
7682
35629
4458
703
13683
29395
43029
8417
11113
48909
5691
21123
6500
31878
3425
40818
33036
17983
21311
32675
43917
16064
16053
23748
42760
5572
41379
28956
8726
4640
25180
43981
8210
4099
41685
22013
42074
29
33421
27326
35867
28661
19600
46901
20313
41741
39746
34754
16131
14276
22260
49016
6282
36078
33220
9366
8359
19503
24039
37557
37518
45115
33451
37526
48680
36902
21696
32490
843
665
22684
48956
32372
47193
45358
21910
13643
9319
43013
8719
10189
41282
41554
4943
29749
40166
17721
8800
9857
29408
42951
10102
8168
29436
15370
376
19061
32229
5120
43993
8381
28171
30126
40537
10850
19579
26344
30034
21016
2279
23939
31277
10691
18463
30409
18503
23598
8026
38999
11836
5945
18803
10444
32482
36865
43824
24173
37259
35150
16041
11482
9640
44660
22242
41406
49282
38327
40393
13729
21321
18891
35886
13125
13319
40573
47399
36744
33196
4353
30553
42310
15447
27891
10938
23838
39833
45651
31311
10877
25271
9017
35474
13804
9420
23120
9343
21595
27664
10399
18188
1338
42570
17545
31461
24444
34628
8196
36973
4707
39033
19362
44767
4181
928
23803
36781
19244
10584
11707
23286
43254
24074
26791
31448
3091
1098
39703
23435
42818
35024
11552
20123
4779
43786
21343
49207
37855
42267
48168
24226
30842
5460
31838
14926
8566
13364
26779
2842
13
5466
12434
45758
36339
28680
29420
32274
22466
41068
20802
47806
35189
21921
45828
38604
40633
23388
44889
35857
44866
7147
8728
47454
31156
20289
29974
36433
3801
36165
30232
196
2957
6345
36936
48226
49490
433
21958
32807
17419
36989
39310
33216
5679
19958
18710
7650
26831
38342
21932
10887
37364
27341
45102
33598
31291
27457
44701
37809
19659
38124
34977
10776
883
6792
2932
11515
39190
35947
237
42336
47876
18183
32900
45444
7706
26420
35693
12483
35940
17843
20342
4970
30568
27029
28113
6218
25239
30904
34583
5719
22059
39571
12844
3639
44617
31411
29971
27638
41403
25151
31665
27321
14250
28484
44802
12255
36944
46244
7190
39142
31
37933
3915
37359
28940
34816
3085
21584
48329
15809
18825
39169
14187
37295
18757
46800
9740
2594
46989
18103
49714
4712
47329
24547
46940
22001
33073
31820
7977
33344
37756
49550
9181
28470
140
28717
24072
38064
35894
4227
48068
23186
24643
44782
46251
16337
29570
30524
39670
36470
29897
36686
2922
28564
43828
29694
1487
20766
9559
31941
10040
10553
9943
20684
32392
38049
48928
24762
6930
14098
41806
2427
49892
44608
49125
46477
43478
10704
48434
7820
16842
23922
40281
18970
29891
25794
8954
1393
14553
48274
22944
1645
6829
48862
15325
24838
39709
15401
31486
42643
23597
47892
7575
2140
295
42482
37368
45157
49660
12223
3202
28527
14164
34452
33103
17234
34763
42627
31334
33226
42882
2693
49180
36686
18162
34655
11812
24556
8853
19532
9731
43533
48997
8496
43036
34526
42877
42376
5977
11185
43899
30124
44437
45842
32198
46333
16929
41036
32635
27153
49264
18070
33294
48688
899
46765
4059
47212
20593
29575
37569
38827
8107
23705
47921
57
19411
28170
9837
2123
37000
179
16716
48927
38171
20197
37638
5460
28844
21012
41750
5771
44427
8448
6717
38754
10873
11506
19674
39149
14037
10810
49066
23900
20979
41656
16649
7659
38392
11531
39220
47820
45557
23811
6853
4957
17388
23029
2597
39252
4916
31941
6127
26345
17656
21386
604
23213
16656
35908
43450
43391
34609
48395
44645
36156
196
41660
25705
15019
30907
31894
44181
18032
2978
2517
29510
7873
43347
41942
12684
13006
19876
35691
45304
26709
35835
17448
31322
23458
26430
17537
15941
12551
13268
24340
35880
18330
32642
49805
21795
7895
41383
3896
3441
37525
49562
18144
40157
47956
47731
46173
31318
2463
28256
49799
10735
36503
3398
23427
33195
33985
39848
1614
31138
29882
780
42655
30093
18539
42677
17960
17379
27856
11602
18245
29755
14130
519
8575
48663
40946
14364
31970
11633
35849
36533
42380
35050
19868
27298
5484
13394
4990
14579
46484
17000
5356
48100
4591
22088
458
46454
12872
23148
26118
31120
19685
1933
35596
4783
19745
19866
35585
11982
33196
16680
30773
22609
34161
39468
17486
1048
48308
49347
113
47055
9828
35588
13223
48124
15472
31421
44583
40448
35989
1288
38385
10067
4651
24572
49689
22075
28048
18040
30582
4741
20947
17283
45639
3147
43813
5910
15697
32285
23560
14109
17480
36794
44356
40413
18363
46454
15584
10953
36389
17384
10007
45955
14722
49483
13504
42088
31345
23264
37351
8526
39950
32505
10703
28851
32913
39407
37044
36905
8479
23467
3564
49919
26209
8155
18278
31946
10073
22435
45073
16938
17302
42398
42108
32244
43299
9323
39596
36270
10462
17109
44570
27718
24049
12492
1143
1499
37924
35539
33877
6005
27714
41741
11751
41898
10285
13676
28
47078
44607
21187
29799
11867
27970
5802
5348
6829
32505
6432
11565
13262
9509
14281
3870
46927
26283
13060
44072
19226
27919
28598
28153
42922
35166
13940
1375
21832
35197
6863
19719
6187
13835
46438
32221
43018
8218
11322
3104
6659
5862
25257
39990
4338
42930
42947
45301
43685
20561
33603
46600
38184
8952
35812
18315
26098
26699
45550
9996
13370
37226
33570
39897
47218
24420
34403
27358
10688
10737
19119
25534
4371
7250
37224
10097
10755
34316
9345
32331
39504
31066
2446
1729
46753
48743
11199
43753
681
25161
3718
23453
45553
1239
34735
11736
19237
10001
45930
26860
40971
38886
14848
436
30334
48188
32017
1884
32870
34429
4479
15431
38054
8557
6948
8990
31392
9121
30743
31891
41434
7373
24925
2512
21250
9789
9231
41932
34623
23310
44059
8455
31181
3397
46027
22917
35219
14847
26281
6921
14967
814
11947
41355
14014
15395
18240
36901
10636
46302
21497
9969
14364
33198
32925
9550
12242
7862
43553
37371
20848
7942
36277
43497
39419
35648
30428
29935
6843
27395
324
46123
6655
39790
41751
22065
2903
37572
7158
27316
37889
48526
14450
39493
44732
44050
32942
4909
3814
49063
7291
26662
22493
11033
10453
46473
13422
2278
44976
13423
43056
13224
10056
11295
18567
17991
32478
11510
11381
28220
34116
17999
4852
25588
41530
23828
44791
15393
11654
40021
30947
29587
42141
1568
46958
2644
36516
39724
7686
32935
22281
16443
41863
9685
28526
6349
3520
20687
34147
42822
6656
35490
11542
49429
14896
15605
43894
32602
40942
39174
12423
25752
23169
27680
26467
1388
6619
31208
21126
25256
29241
24229
29333
14747
9911
30241
42314
37153
531
29746
32786
25596
31858
12300
43858
49979
17621
21685
37009
28132
15844
39873
8610
8736
2115
44207
21125
38297
32736
47862
15027
5825
35138
39359
12233
17851
4761
21088
20038
29907
23718
3350
48555
38737
28141
30894
19216
48733
42067
2478
5820
36350
41271
41808
6170
11889
14651
6750
23760
31962
26323
19566
22495
32148
35800
48050
37065
19705
14821
37875
19078
46604
41436
43785
15613
780
27703
4405
22369
34010
15370
32786
45542
20036
49493
19358
32131
37616
31925
17231
33865
16334
24914
31068
38213
3737
2637
19875
48775
14667
31181
17978
45831
2400
9602
35279
11553
32558
28709
27030
1474
3687
38054
32066
9104
44196
5406
11374
21153
9389
46791
18551
19626
27536
25716
27238
26596
40118
39085
30732
1104
17338
25835
31129
44485
31036
10771
35881
24332
6441
21537
27361
36392
13776
7565
49119
18175
19726
14064
27923
15973
38722
15715
16476
28305
5096
36405
42101
12322
34208
19338
28866
26461
29656
43985
17078
31494
36440
33034
28047
38908
8965
2787
46328
4008
33527
18791
21106
44838
20592
43764
32543
23107
16225
16551
19843
11391
21843
21019
19237
44395
19992
9361
38570
35425
37783
46341
15454
30195
47270
3458
24709
39328
24693
42618
7763
25621
37655
17273
22464
9038
38694
693
40136
34808
38213
6461
4051
23788
29993
28222
1075
41605
33179
23420
47175
36876
46662
28029
38629
11134
43540
26820
1774
5038
14832
30772
38239
2088
17493
22232
49105
28194
46727
40155
23494
35926
4915
43745
19344
7572
36874
4052
44894
38895
3871
9821
34714
2168
12189
6617
25356
11366
41292
40075
3337
20939
45619
35272
49439
14351
46618
8427
18788
12339
5002
24317
22242
36782
12500
17533
49900
41479
37441
18628
281
46719
8798
35268
30192
21423
17262
16480
39960
24931
14307
42039
22182
39699
30300
17194
20971
851
10700
21518
29461
5028
37112
16437
7614
46752
44333
10810
25720
29222
27557
40699
10030
47111
23543
22227
16812
43693
727
4983
21017
11594
26830
36038
40377
12645
48938
34495
21582
39403
13528
2160
33542
13841
7975
38281
3176
35962
22210
1419
266
14182
14599
5279
22461
1321
3442
37809
45239
17644
5191
32566
20608
36330
16550
47267
49390
42686
13932
7012
19037
8817
33270
37887
49565
2725
1747
39518
16004
8608
43776
48836
915
39902
22765
28368
13907
47010
34200
37881
1798
807
3289
46515
17544
39135
29233
41083
34551
29991
43422
25799
43005
37267
17802
14349
40229
46708
20890
19515
2850
26839
9915
6914
42235
16718
41781
10694
22324
27703
10545
47158
43298
30250
4143
25372
14044
3915
46068
45638
33708
7008
38710
40771
32619
42140
44114
37553
3966
41037
16207
1749
30096
34653
41856
473
10667
24257
41692
27408
16511
25220
26577
42531
29779
23329
1149
17451
36381
14850
40624
22153
38258
47883
12840
43446
12093
30711
19600
34186
47863
14053
24604
5725
9508
3869
5704
13957
2848
3328
44960
23870
17578
14420
24088
6622
47317
6951
35278
36108
196
25012
6616
47001
34105
47563
31505
1745
30082
4053
30356
20930
4173
30182
28827
19690
39824
41147
25285
40024
42710
31291
11323
17179
49082
2501
49294
28541
44343
49874
36621
148
10002
5218
8983
653
1175
596
24894
22607
31123
3543
30481
48441
11387
32738
69
47889
4415
6989
39544
18609
35671
18587
25431
20864
36748
40502
17605
216
3718
30906
8065
5372
47009
29825
15603
40594
23502
2092
48301
4778
15871
43686
7765
29391
14708
11306
31393
48582
27104
26739
37535
10801
17361
26845
40022
27751
7509
36981
28705
37999
21464
50000
17071
22563
34987
46682
5026
2865
9109
43304
35338
38885
49712
27695
28261
15312
37442
33
18652
17134
41799
21103
4457
27398
32461
13375
761
42024
31138
20409
48024
21002
21108
36509
1220
26667
47019
48863
35772
9684
16923
7564
15793
24973
23627
23290
30990
4710
4361
3463
44076
18294
25832
25545
43154
30380
8120
25825
29931
36113
15606
31738
20137
35250
43380
24313
33817
14208
45182
11938
28640
18093
48167
32743
8836
44348
45858
34097
6660
24823
18031
6363
43942
424
22683
44441
104
39510
9246
10520
34552
43090
25621
26928
35145
45883
23244
4587
47882
13279
7130
45305
39532
8723
33829
47586
25538
2889
27892
22817
10097
7401
10437
3050
35786
47911
48817
7877
20532
16803
31159
12332
10526
37776
12403
30752
5811
40539
37279
30268
43389
21406
40982
49609
23148
39265
49537
47326
29672
15132
11156
39403
6552
7189
47761
49872
23439
9889
36262
8873
4809
34014
32015
12148
29082
26703
29669
2053
14348
46975
8690
11869
30682
20511
23830
19839
47366
22477
784
11145
11885
15522
7378
47377
28147
18924
37902
37295
40192
9666
49353
46088
3110
2982
7431
39043
34099
20139
9312
9662
2711
6785
29521
47352
48593
2283
24074
28733
14094
8666
22786
32261
25842
32462
27804
40285
26586
35944
22725
44262
13440
19453
45504
41137
27018
44197
44735
21950
30555
3867
32856
19601
31811
3890
33287
2056
49136
39229
28905
9109
39889
35467
10733
29539
42726
15398
31115
36419
28797
46744
47844
28322
22702
34427
20914
34919
30233
15194
23880
11779
20749
21953
43475
19360
39169
968
27937
43547
20742
31404
21036
24122
22532
37750
46412
29181
31150
45020
29210
6907
3490
37133
46172
19056
28731
39619
37347
36287
7529
15951
15140
13996
30530
38895
33201
14249
3627
13966
5904
26897
15658
31976
42049
5606
42168
28173
8289
46199
21598
27518
40555
14325
25956
5109
39661
38242
30700
43437
8211
33099
15321
36027
18164
32322
213
26079
24903
5241
7371
39097
45354
6723
4844
25951
13598
6106
9884
28527
6475
23994
19756
8940
44522
17687
8864
19225
45220
37572
6980
30908
19792
29572
11180
364
9643
15237
19568
37723
43759
37765
18541
5802
24351
42025
18251
41972
4274
44901
35910
43783
15973
40806
24750
26760
15969
14265
46638
21246
40063
37466
11005
26946
30710
36157
38434
44073
24787
13781
3776
33665
48644
5704
30907
25094
45666
48124
48472
746
2140
40374
18750
4650
20340
1957
12720
1470
42040
32492
19569
10629
31311
2968
23035
49484
4435
23016
18154
11658
33152
2129
32924
32530
47530
12512
32980
2485
20829
2550
4181
1972
10458
29228
36356
2127
47309
40608
7191
34204
31599
65
47388
40109
42648
879
44022
14868
1063
30581
16936
48164
29808
15700
9673
39362
25232
23890
49232
32469
15261
24372
43052
35289
47205
41624
41781
43527
25139
8545
34546
19929
15176
26975
37595
18510
39263
22466
48761
2271
37460
2309
23477
8702
33740
36010
36054
44044
32561
39564
36641
22047
46308
16005
43895
23600
28301
45353
36787
20711
25473
39161
47202
8719
560
35050
893
46558
39720
6787
38000
24152
30715
40380
14726
29664
24326
6629
6988
15730
18704
26301
41486
1871
33140
35713
32603
4286
23783
30027
29347
36788
48236
43596
42934
48333
15828
16918
22827
40846
35546
21769
45652
23567
803
21106
2738
39901
35523
17611
42694
24358
35793
2560
22629
13504
5381
30611
41337
37680
13951
27758
30624
328
22793
40709
47833
30519
8383
4055
44334
14941
8743
22598
39653
2695
24137
13897
26333
46848
3662
22369
38678
20737
906
15207
49517
38500
36174
1872
280
44365
8904
48685
4390
34771
1938
30062
11952
4651
16804
29561
11643
1649
46772
20014
10564
7377
47459
44551
6548
10282
32592
28240
4176
40709
193
40722
12162
19986
3872
31541
10593
9557
15395
38268
6398
36866
41479
44597
8374
43019
31986
45881
47925
43602
6842
27270
49763
9844
34489
22166
33928
41666
16545
31232
43562
5250
24583
2158
21283
2310
31001
46994
7812
30637
45198
31776
30078
49905
15334
15837
25583
16647
20298
11097
44131
5311
13187
31691
27041
6188
38196
47181
26930
10645
49903
41871
9683
20035
25501
33292
38189
42286
40925
20773
46749
29180
39778
22852
47990
43469
45616
16064
33274
24825
36728
2845
41973
34347
49406
7748
9872
20507
33289
5473
38920
26048
24668
1936
48929
3026
7802
34866
36784
30900
47217
10276
49296
23515
42066
17345
13908
28228
47204
37313
14665
48414
21368
29086
31257
41238
17440
34732
10524
16871
16308
29404
15146
44395
24446
11951
22898
40472
27221
14035
11489
49915
45670
19534
14224
4678
4510
7636
11158
16306
20472
13175
29086
16347
46449
47314
43945
8527
14845
49688
33274
48258
8284
16079
26344
19072
25197
1939
40534
36169
30473
31380
16970
35652
38363
4496
12858
24731
30381
41966
41921
18553
21892
49763
40324
33637
33222
27181
29617
25338
27021
17271
19505
32160
37272
19391
1248
18558
16863
26444
41305
7880
32399
22896
5120
46298
4466
40197
39564
38093
33939
45356
30790
40735
41335
22856
9781
1832
49605
9769
47156
3159
11823
28518
33059
13001
35431
26462
31603
48512
14408
1986
31237
16478
26176
39883
42911
45284
17753
4963
39307
44554
2608
40288
48911
29752
29276
22148
33345
20409
28942
39785
26085
40484
6085
24411
16529
6738
44729
36288
9058
37865
14922
2849
44405
31258
17528
7063
4033
34260
46197
22946
48706
28126
41560
3060
37927
4007
19669
35602
35469
21586
18405
13074
31901
26021
8659
1407
12538
2393
46060
23065
30234
5702
18666
32324
5907
15515
28463
32391
2540
31267
28921
25626
21443
31721
29044
28557
12095
42309
31107
36321
5535
22272
6504
46032
11573
6967
30998
39457
24649
32604
30068
28506
20456
31340
25930
40889
18549
10205
39280
46414
3846
12583
10786
28904
6130
6662
25291
48392
33939
42630
11178
28410
31296
34881
16551
44962
44304
1029
48916
45109
17822
39467
25412
39888
40689
42171
33058
31587
15152
11297
48549
40431
43506
48138
22383
4984
17726
7892
24419
11846
21003
39193
14872
39084
44267
5437
44842
17868
49160
26000
22497
3949
27245
983
23854
9312
35185
18423
38417
10818
49256
22626
13928
25569
43701
46504
47780
22194
33611
10895
6035
23098
42697
39339
46617
43314
39371
5670
24133
35619
40721
13375
25882
37898
49677
43337
32710
42375
23682
24747
12189
671
49287
26690
36928
43393
7435
18208
42328
9224
6052
29156
16361
35987
16698
35831
27156
23176
34056
33715
20136
19975
22448
14733
29828
46981
8857
5329
25607
39303
7529
16540
45927
41792
26451
22710
1271
35946
30771
10062
43243
42071
20145
11822
42829
40117
19340
41209
46549
16953
6484
24414
24223
25475
28409
27243
4928
14582
21358
43102
26826
30527
32123
42315
24846
19920
11794
48698
47934
23770
12017
30980
25959
16471
4612
25766
38421
6162
45278
32998
1704
48449
21119
512
17485
19503
19049
14771
25311
41768
13819
32165
16294
6219
19898
21998
139
23424
28082
18235
27037
1786
34657
9915
32322
21885
30900
5689
28123
41112
43817
20803
44950
48443
18388
36978
8970
16667
46735
42513
14022
18714
13953
34300
11742
15911
6172
34727
45165
21349
11478
9427
12943
15638
16130
18165
23295
19814
4341
15071
1603
22970
20493
1769
17897
38429
33781
5538
48361
5873
30224
14679
29955
44159
42237
26915
40950
25168
19516
42158
37646
33287
2921
13343
24286
7029
4
9969
361
36307
25445
38376
11964
34430
11029
5684
38763
38067
8932
40487
1761
17385
29875
3614
9455
11908
41665
30987
648
5528
28310
2332
26804
14291
19231
27089
30754
13541
43364
7248
30445
14597
11288
36436
22945
29137
15322
24659
9180
39481
41232
21158
40001
30364
18439
42539
32259
663
42251
23019
10170
42303
6349
27116
1535
3029
43720
29524
11590
36128
36966
44990
11146
46792
308
43114
5828
21527
4183
39609
49967
1566
21744
38956
28025
14765
26537
28544
29821
36825
34323
13908
25127
18710
7509
49440
28062
28671
34092
42175
49707
6852
5753
10562
34719
10965
13364
6652
6464
19426
40127
37475
16793
36627
680
5977
17547
14569
28602
15953
33965
27883
1175
2296
28863
22543
21410
17263
37810
32157
5492
37215
42017
41149
12244
43727
40882
49024
26024
27007
38629
655
31445
21745
34477
7848
28382
48109
29471
30961
15611
35432
37458
22778
7781
5210
946
27881
22528
29723
15577
13734
5372
34264
42226
11464
26338
48477
48394
15449
19812
34719
10871
7153
46860
2184
22142
53
46864
15211
13454
47411
14464
6389
43268
33966
7314
4524
2246
13540
37158
10953
6279
30930
42846
2799
44639
29173
3881
47284
37364
25612
19434
14772
6808
9824
6138
44425
11383
25413
47865
7392
4546
1256
7350
31840
39381
40894
10371
46124
48901
32338
26088
7174
27334
16056
8301
34206
4947
27642
38473
16882
41998
22002
17792
11161
49473
2129
11780
48157
4429
48246
