33176
6977
36610
4743
32975
19284
22280
7668
33638
16888
35252
37676
16393
45494
29017
24712
36907
31695
15943
49641
22260
30071
44668
30193
38458
1792
31586
7619
16896
4427
25078
41527
14442
44362
45952
15068
20691
27028
23140
33849
35104
637
45928
17258
16269
18827
6095
26144
44151
49072
22412
4982
36343
11697
31231
20569
23169
14323
37598
17634
11978
48900
44768
12462
32702
48307
13085
15391
48197
15863
17393
13551
15021
13288
16364
40540
23332
10223
6991
7856
5143
44290
43478
32287
40227
434
35486
2769
31607
24326
40676
20671
32266
37651
18004
32165
11984
33497
18367
26075
14555
49163
37792
8404
3548
34454
27733
31347
35439
2134
32930
22759
25802
44979
11455
29962
7888
45760
33961
30151
20686
45168
551
774
44178
13811
24866
38076
6602
21327
23697
40159
17019
12265
35950
17226
15541
17655
30890
40179
22485
23981
12052
32687
27783
13797
27465
45921
49295
24399
23925
26253
18325
29538
11789
37447
8594
37741
44958
14979
6545
47239
17691
15453
36394
28325
24961
12849
9558
48401
9800
30997
638
11574
27624
32741
8812
41330
33882
34995
47222
20691
31891
19663
16447
36840
37213
3126
26109
6486
45255
10704
3934
14120
16665
31230
41278
6311
29481
48797
21932
17024
23656
23613
36723
36535
16889
22553
1299
26985
7945
23009
44537
39687
13038
37804
37741
42589
42541
35287
11438
18652
23272
21305
44118
33452
31948
48268
29290
5138
24973
40217
18777
30392
41399
9492
10982
41981
22111
27644
41371
40128
37462
26527
4675
5184
10616
22519
14956
20544
20766
42795
19094
46558
17529
39674
42247
25916
17776
29156
23800
49014
38464
34140
29510
27131
10965
12051
1513
8194
47695
15376
43386
16491
48750
45920
49134
5247
13800
10938
26020
6750
6262
4180
31010
35942
3527
1727
26018
34339
5455
6811
17200
40507
10176
5525
42915
25548
20274
15031
16213
48338
18623
29042
41057
8284
8603
34520
11180
1872
2303
43486
23385
21312
31205
30617
35427
17852
35949
29153
8854
45719
35342
11602
38720
39163
29920
41356
49080
41671
36961
28506
34305
41929
41912
34982
20293
22752
31565
35367
14885
5869
28957
20176
23971
27014
17026
10205
19894
691
6
34296
49695
8932
22536
18793
30749
35068
545
45073
32239
49510
31265
19635
598
28209
19196
39125
15152
473
35927
24487
12358
26983
36736
28646
25870
16377
10700
46854
48307
42335
25540
24796
14456
17234
5191
27671
40981
15699
33856
40187
45477
44868
17816
18656
42497
48688
34861
17617
27060
12320
4486
11954
8953
18978
7232
41739
29841
40483
29672
17834
45906
40812
32243
12306
21013
1271
9971
3252
35059
1450
12185
6702
18488
17641
8194
46871
28732
47651
537
15257
5911
9875
965
32347
14233
22407
27541
20419
32662
24339
30388
45674
2079
21643
5257
49189
9574
3672
17465
25717
4678
35598
30811
11901
12595
16389
25007
826
7992
46837
16315
25218
29029
16198
48340
2196
13053
30201
48190
6157
34153
43647
13660
30987
25501
44659
20454
21172
10394
41232
47725
2764
48806
36017
34139
8004
16601
31537
41846
19583
13023
23620
3413
43692
14272
7400
15464
41478
28453
21267
987
10968
18094
38318
7841
25939
15931
585
2752
38081
45269
31147
45115
39073
10157
24339
5864
16300
10334
32762
5990
44954
40543
22178
49778
40968
3935
3917
23299
42242
10087
45962
35150
7038
8246
31971
15248
20757
36592
42247
49590
22761
28751
48050
12646
1399
45170
24757
23472
47474
8829
16429
2587
31804
46309
28672
36636
19314
35568
45681
32118
12437
37139
12230
35626
22784
21212
47998
30696
18043
39235
36341
10508
4513
34808
10159
29450
19377
17258
35494
24059
29758
47
41813
33158
24840
48080
12159
1226
40614
23860
40645
15649
21017
47251
4151
43141
35321
25394
12443
34345
44775
32607
36140
10101
40176
18555
21141
26856
42002
21104
7239
6308
34288
43181
4369
2868
8504
11707
2049
13243
7015
31809
12557
6471
2085
37421
42057
25467
43117
32106
34460
40892
45961
38685
16773
3216
24009
14465
39711
47044
4644
857
13679
42975
32204
5240
30674
41872
3978
23653
36570
48724
27259
24187
46427
3820
40431
17420
34669
2664
48123
4612
19916
5107
14149
34044
6364
6633
47524
15139
34842
25253
12416
12656
34484
43049
16302
37357
40981
11724
36596
49099
36578
27209
48896
6914
41852
37785
23459
44203
30062
46042
43597
27988
6822
10932
11822
36042
26316
33075
22119
43092
10366
34989
39316
29033
23089
20653
36050
21276
24361
27023
41500
28219
47570
21197
39872
15775
36906
35758
14019
24580
36060
48796
16651
23593
29648
29327
26023
12
47599
2271
18643
39043
1068
33922
8852
19781
430
19682
14541
14078
20637
1422
45201
18085
36284
33506
36459
37399
37461
10139
6179
2473
30170
23308
10230
9070
17366
24057
38152
16374
15269
16793
19680
6023
37387
26201
37294
14249
48120
5059
47420
21279
31623
11331
31999
45193
46061
37763
6249
39009
42090
19686
2449
47893
37767
25005
5143
3664
21914
22801
28462
27297
7899
14858
48999
42780
39472
749
41542
41431
25066
3547
19974
34365
2698
20926
35384
37022
9802
21419
32925
45728
14470
10039
3310
44147
47944
25747
29203
49338
39002
37699
33077
5903
14554
28307
18991
25842
9700
8663
22031
5409
31185
37449
48844
3231
35923
26161
17206
5575
26117
32887
28474
45735
8544
49940
8838
31517
36654
12983
31972
25907
42745
37442
12851
36776
40369
48212
34357
16137
15880
4695
17449
28184
21195
44874
37749
5871
7374
44023
27104
27757
23938
22826
12483
21019
22578
38920
42952
1586
19976
11092
22919
40384
28980
40840
9556
28866
2941
15301
13086
44915
24498
10223
49658
47742
5623
7364
48469
3574
15928
40698
9678
18853
900
22496
45468
7292
19996
29495
30879
1490
21749
13697
48497
35258
13885
13356
35810
34292
49175
16951
35966
31655
40831
47836
9263
45552
45793
43795
1205
24681
38207
43484
34524
2849
16741
11162
3939
18613
13152
45647
40498
17778
3478
30471
42910
546
4364
25470
43278
17780
43449
43260
23607
7070
1250
19168
42559
25331
15149
24949
33327
46510
6527
20673
31762
39131
34836
5768
12217
13033
32810
30014
36745
46692
1408
2605
16213
34695
19983
21860
32108
25781
48784
10289
1204
22726
44847
23062
23290
40975
19813
15479
32850
18079
4063
41011
16887
25373
1931
36368
18362
14783
9942
22399
25745
43052
8995
5753
47834
25048
34125
44433
40137
40994
44991
14904
27350
15752
37545
10010
27948
20472
39673
21580
29436
35535
8635
13550
42760
9081
38078
35478
44829
13258
9051
20250
45123
46211
34328
8863
28184
9512
43006
37017
10357
20807
4444
36525
34928
47149
7758
12067
20814
9536
47649
1932
20885
27134
26951
19880
29032
48864
41736
48387
17943
9958
12316
6997
8620
12107
1716
49967
40106
40432
17489
39688
37161
40131
15133
39083
15216
15133
45047
1709
23544
5208
45098
31234
8787
32920
39630
30720
46662
42570
24507
12057
25392
32207
31054
9012
10733
12665
14829
2112
26777
983
17685
27069
14585
48651
43996
13292
49661
13406
4334
11604
28788
40439
32108
45079
21292
29985
16173
28020
26533
2741
39841
48190
24928
47199
20506
25831
40075
48658
37482
38915
35137
34421
42034
46144
2523
34121
7164
29596
29943
2779
16103
33993
35249
25926
48180
2572
36549
25388
33824
41330
3230
12442
19082
28806
26085
19959
18737
30234
10910
27686
19295
40182
3574
45216
33880
9321
30381
42342
29602
5927
47359
32811
7416
11781
38367
45620
35809
8867
25760
27103
21198
29549
1632
11722
29732
38686
46703
13233
29798
5910
16389
21238
45332
42505
46626
10747
47079
48055
8096
5976
7481
46283
29451
41554
23785
5590
34328
46352
25171
47636
33532
40112
10479
24817
36067
24943
2877
11199
21967
37060
43222
9836
10624
9476
11722
46664
3362
27497
20189
20284
47851
29245
18925
41055
11842
7704
8622
13294
231
40800
16587
800
30057
32612
32679
35618
376
39844
32339
15589
14213
38591
43219
31176
29736
26879
28958
5203
39401
39328
430
16037
35870
18226
40616
41198
36539
13607
3205
12113
9716
3608
42813
22873
2406
9527
2125
43712
37885
39536
19558
21699
5747
3213
7136
27325
11681
10573
44046
18637
40048
43314
45319
45865
38991
37505
36842
11627
29841
49108
37943
23605
2348
6103
19614
21156
24154
24834
4434
49705
28005
36075
4254
19191
30855
8817
7996
45522
17984
21575
34540
27116
34383
13752
45601
13700
40111
3813
7163
37445
47823
41220
34665
5745
31697
47452
45131
39634
46321
18821
27987
39901
20741
17017
34432
37692
40844
23190
8500
40258
36872
32531
34059
47787
41409
32619
32276
11790
39938
15251
46437
19037
12684
103
7746
1571
30466
40990
7728
48330
13587
40324
27173
27134
2981
21875
22914
36727
41779
13915
740
41983
13185
45220
18456
16673
4445
20170
19679
33206
36044
21228
401
7460
44946
21842
22371
25955
47474
37284
40369
1908
11510
12715
21660
22147
44071
31398
31096
2330
42313
8896
31555
10183
41104
30187
35190
21961
30308
27128
48666
3671
34149
19617
37024
47511
44446
20676
36384
35119
1226
13648
37840
44924
21739
23173
4339
9784
18380
2042
22226
24591
41059
35014
10876
37419
39694
25530
12280
39006
7657
49252
20203
46220
20611
46520
2072
17792
27123
5688
32574
15574
24352
29616
19833
14164
34412
19812
11469
7355
24524
2450
13244
6068
29083
33160
1634
31631
32771
10097
12465
22289
31684
48001
34316
20339
21452
9390
6439
33826
44349
8697
13447
47485
2395
30105
25400
46771
34232
7591
269
20380
2885
45026
38947
5706
21842
30597
3023
6756
34116
43187
48860
20478
1473
37850
49708
20456
41867
13752
21029
13143
12618
18780
18130
34883
20915
28908
43982
7710
17868
9785
10321
17933
7501
999
40825
36675
33689
6709
13538
35555
22958
36003
20872
17763
9277
46160
18564
37623
16044
11224
4668
20406
40190
22199
35427
29074
3324
8524
1900
30850
44269
3306
6942
25139
3525
5643
27948
25684
11729
46181
39067
38846
41252
45228
45833
29218
40390
23306
20476
21779
12985
46720
49702
43966
34962
5147
49528
30519
37210
8637
6089
45783
30688
6374
29857
20341
44857
42232
46544
30500
30837
15184
14666
9418
40431
16911
23819
25695
12016
45849
43593
21648
21283
29706
31949
1983
4283
31151
7398
23032
31368
30227
11193
18498
22846
39612
37662
8348
33288
6745
26587
46810
7011
21356
36447
42562
4648
19799
34914
30210
26267
38701
27095
15635
40689
15970
35910
10421
31612
25153
4329
22329
13647
45485
38729
28255
28531
37172
22426
35686
45490
15476
11343
43424
43883
5104
48455
46655
37630
31891
7492
38808
39064
30337
21323
36378
6399
29177
11545
20187
26594
4561
39207
7126
44925
39086
24832
21457
32394
42270
43264
4029
5933
14261
9104
38061
49478
41689
12
49615
9615
43311
9779
29686
34816
19103
25557
40342
37875
29305
12823
13478
44663
20748
19643
37373
44535
19958
28490
47041
22561
5851
38189
532
40074
33451
26489
8359
19279
4090
24197
35971
3481
55
46095
36702
23543
7189
18494
2043
15416
28292
46020
38676
25838
40974
20848
46646
25086
26609
25006
28520
35724
13842
43416
11364
31121
9114
12335
36400
25204
23611
27343
10110
18905
43913
8227
8800
760
4701
42492
1029
9436
47273
31896
43117
28621
8898
5548
8992
42090
27253
29886
45573
39611
27898
40845
11783
29779
33385
27795
36179
29494
25212
23285
14794
12176
27837
39621
486
37875
32647
47901
15515
46670
32881
17645
26924
35793
37771
24049
2192
2481
37234
31671
46195
24155
7416
38028
31557
45252
5247
9311
47853
47926
34498
49190
18312
30470
33878
5127
34298
39981
5796
16071
30962
41331
48607
43498
43825
5117
44831
41529
35336
37986
20479
40176
3458
22514
35063
706
30727
29755
33597
30751
37615
48091
21726
27591
23128
19308
18953
10977
2315
45550
39166
49114
19927
47642
36943
17068
4025
41241
31009
37889
11080
37542
3382
43012
19120
48324
40915
1789
18796
31769
5407
8311
33134
5037
18209
16518
8686
40356
18413
18036
16839
930
48590
7310
39572
11443
38782
48428
9904
43198
29271
24233
11494
17121
45925
15479
31779
11849
34562
2168
22468
5531
9507
39029
10102
32502
49332
27062
25111
15594
43297
28847
47579
41784
10963
13818
37863
48127
22614
3560
42091
17327
49511
7601
3442
10983
30409
26132
31210
19750
31212
48899
49311
34899
15313
24890
44794
46242
25563
31102
17211
9512
34763
28490
777
18926
29413
25035
44465
20688
34750
44752
2688
6380
34818
41774
23188
28297
40008
42733
17864
21952
17716
17503
6440
16734
42883
38284
25634
30219
44255
49092
15846
48123
44032
38582
12774
34075
22112
44414
45238
11791
20530
35888
693
44092
555
4453
783
26951
6402
34423
6809
44924
29225
23036
14379
47530
18566
16508
12653
2230
1553
40592
6025
3727
38937
43031
14209
39281
41817
7981
46404
7862
5661
39628
8513
24638
43017
42461
37097
12108
7264
45590
12075
16602
19304
30602
43285
4962
41863
29716
18113
27982
45365
43750
21194
16864
10614
4849
18172
4088
25087
25466
21800
3936
16923
17345
11660
28873
4548
32225
13151
39996
25731
11694
42302
32247
7106
9428
35430
28262
14312
40236
42161
6963
28939
46884
16973
6769
2284
4778
4614
37443
47680
16423
29221
1229
32617
9755
42786
41965
56
2479
43555
25590
17461
9935
45878
21615
25646
37659
242
33776
46373
32157
31335
28577
26470
47694
4594
35397
14801
216
25193
45171
31592
7943
37174
35081
23522
21852
44684
19846
26254
3617
41436
42406
5941
23943
35037
22286
5272
30122
49837
19002
42453
13311
11574
36338
2577
25176
43301
12517
19586
45605
25565
6997
41328
45143
23544
31883
5561
41470
28703
48190
12416
9171
2339
12654
1662
47168
38859
15629
32062
25478
4128
35425
42166
20167
32747
34992
29445
1075
2427
22235
3673
22132
47252
2805
26575
7745
13872
42850
43733
34283
30039
44438
35164
9761
48565
37968
15268
4720
2416
48199
9279
32040
42849
1249
30881
40525
3001
15904
45960
42518
8554
941
11288
41462
3274
20141
6376
29896
40057
11186
38734
4191
6968
7482
32580
38992
40345
14455
4135
13280
27932
22108
48360
44459
26346
21249
7916
44832
37746
35775
9000
21075
13974
2987
38868
11367
21987
4143
7913
17949
9256
49646
27207
11013
45632
24243
36268
10813
28748
15967
38141
2667
8740
6551
41431
40136
24650
10338
1024
31913
5290
416
473
11758
5841
46316
42713
38910
18594
27277
45449
31195
45374
8316
13510
9377
41931
17756
34281
29518
27002
15679
11439
40012
45329
2465
39077
11796
47002
32760
40111
5768
41103
19739
22796
27445
299
36550
15442
12576
7700
34747
6270
40561
23717
49881
35371
33262
14370
30422
41055
43209
13638
18115
3477
12695
7384
9779
44908
31091
32605
11555
10470
43918
2825
3540
42261
23867
18681
13735
28486
16474
21908
40423
49703
29697
2838
6843
48523
3437
35216
11526
10357
1904
31788
33744
7606
4643
15420
47277
29151
38843
37995
21362
27463
13025
48961
44358
21344
15077
7217
21373
14927
6426
15539
48349
27039
13104
24610
14461
4818
30866
38344
31746
3561
28564
9498
14166
39939
29818
11669
25384
24476
8939
29998
47174
12724
41420
23500
17674
13252
22012
8336
2103
45364
37268
3909
18389
8945
7281
30509
30053
27408
11219
49829
22516
14408
19343
39559
10275
41811
40077
11136
37887
36225
15053
5667
26980
34194
32061
14184
38769
31030
30327
18295
950
47842
28056
48246
16164
16241
21449
28458
37975
14575
38782
9762
37598
332
27379
2898
2625
30844
48069
33044
2203
27898
34807
25842
31409
45655
6422
29651
32459
15762
5445
36601
49353
814
45426
47958
26648
14287
8697
23488
19384
15667
42443
5946
1043
31443
43845
19977
10603
46091
30099
37380
48974
38250
1599
29808
30393
9084
46080
26565
12120
24275
41078
30428
46130
41510
89
41111
4633
25223
45269
21817
34794
2143
19437
27911
49341
17680
45747
40140
35549
37698
13575
44870
5305
40662
22000
48218
3592
33733
44214
23854
3379
7272
25097
23959
30497
40575
2678
23958
24014
11486
42478
36620
46194
4391
36749
46487
13416
9070
21949
15639
35365
7442
42535
31358
48324
49301
38018
46061
13749
49359
48825
49865
14774
21001
23115
17521
33001
44579
27717
18162
3569
4152
24432
22624
29649
31865
32863
34516
8041
30812
46519
34858
44453
34921
19153
29620
40694
24126
44125
45431
4300
12343
30007
5721
5254
25603
11718
18898
5042
7167
10798
18084
7341
45683
9696
32527
9863
13386
34123
41109
1487
19213
27298
44721
35483
8652
31057
22721
27533
29088
48346
42250
1407
19104
12390
4125
1444
15225
34053
42249
22012
26980
37925
22465
42975
42339
21384
31860
38886
43637
45669
34744
35944
29180
30015
19928
37175
8647
20086
11254
17039
14862
31735
24372
18883
3101
9721
23142
18637
29879
10902
40542
10537
46649
35082
18693
11945
11492
46406
45407
43670
10058
10567
15591
7662
2696
20750
37652
8288
28894
17066
24226
12091
13445
36863
46342
2273
43617
20771
22534
9695
24439
29388
35380
10655
34972
19763
7961
1633
26513
32729
9527
30018
20985
10227
281
48398
35792
33253
21710
42417
46232
19369
31058
18994
49424
37599
43705
9639
37043
47745
28973
22196
45163
7360
47948
31390
2626
9137
44433
36107
7659
20190
1625
26321
40469
14441
29227
23422
6060
21388
3606
39855
42029
12789
38235
34500
14558
18214
12826
1477
5478
35285
29193
44372
44011
5726
33540
25848
12743
32143
20824
39529
39654
33525
3673
43697
23662
26054
9695
46921
28025
24224
25304
24433
798
18654
22604
23026
20190
29201
36767
5740
14135
47700
29112
48596
27237
28999
18915
10734
47710
27776
47749
27144
9146
38481
39186
5641
9413
13617
19872
31104
34426
21981
4332
38710
49552
24626
5796
433
26834
41864
17912
27165
11461
36425
30285
46546
37218
49495
8973
13058
12190
25019
18970
36298
32151
2767
19791
38352
19917
32381
36653
48487
30372
14714
1758
160
10094
17214
19671
41979
41717
30968
8138
42848
43641
18853
27338
11755
32236
45078
42256
16039
1864
7822
18167
32312
4372
39248
48861
23708
38080
31489
37065
28578
16902
41156
44951
31197
45498
7837
24458
33588
48035
37700
1149
17009
10672
38119
3834
9577
20950
30214
45434
8879
23421
10702
3466
17869
23669
27493
41697
23329
3192
18996
19114
34708
41873
5034
33676
12701
41158
12009
6193
39240
49324
10953
35632
21142
20723
44890
19731
17790
44921
45741
45111
23758
6280
35023
38013
23044
9418
845
8975
33958
18442
24445
31778
27000
22302
10684
6712
14278
10128
32989
14490
12348
36612
40201
45197
34449
34871
46697
36117
46023
49565
7468
27351
30178
5006
7639
8600
1138
31425
22820
20419
45288
23761
9110
28962
39167
34283
22416
11285
46523
19967
1884
48788
7772
14572
8435
45497
9329
45091
14848
20147
8214
13752
8533
5151
27840
45273
7321
5094
1232
31736
49632
28262
2786
12868
7065
2149
43239
33651
38874
3884
30741
7793
16581
2836
4341
19768
43750
673
49450
6324
8112
39439
13461
38509
13108
12109
43948
23038
1917
5949
9539
48902
18178
37994
22795
23081
10522
32809
47746
40170
15848
33089
37370
4478
6494
37888
916
34657
14221
46911
12553
18471
11257
49415
35201
283
47536
6467
14025
33042
46383
31110
24016
45752
38625
12132
28813
44140
7033
11852
23253
24878
27793
14042
33701
14912
26711
7395
49899
20596
8101
30533
7229
34060
8907
32493
49956
23674
46185
18892
36512
47325
2661
5390
21503
32355
7583
25217
18586
29946
39347
48245
20447
45026
29095
14802
36301
26691
19044
28046
12372
4561
31173
44507
24080
11750
837
44181
32220
44046
6892
25976
28708
34253
43158
44336
5570
7813
9395
25874
26255
45549
38702
6666
48590
11057
4240
23836
13047
22192
13124
38991
26495
8045
15261
27833
47526
32709
18252
46759
38136
38905
17889
49565
42194
26229
23337
31183
43691
39529
26505
31754
33516
18277
9658
29794
7080
8007
16429
32069
32589
15127
41180
8821
1947
6527
48352
3463
4471
32645
44440
1753
11737
25076
39622
44512
21427
10009
19841
40761
40844
6313
49818
5014
43324
49257
34075
32256
30541
13233
19238
43390
32630
32129
33082
17148
35549
22519
35424
35823
1158
2070
28207
7807
25141
29498
20614
24663
29003
30124
2358
2153
11591
36481
43215
19860
46272
10757
32209
28225
8813
20477
46905
25498
31945
7168
37280
44238
32148
43258
36292
44916
35349
37500
30790
31189
36847
10243
33206
3652
25649
17261
32420
38734
24759
40431
44334
23118
18640
21003
4025
1844
38696
2956
8401
24013
22863
48631
38270
1762
40970
22364
24941
6379
28059
22619
23420
26996
23020
3699
43335
16005
16227
15376
42472
20453
38832
5566
45088
4292
19982
7501
22124
11126
1291
35285
21372
2449
30206
43107
27687
37227
33735
27601
17473
1337
45610
30782
38534
1457
20743
24755
37378
25578
21130
37521
6404
32005
6557
45276
44244
13494
22017
32553
32949
43737
22252
10920
40293
19629
23811
28573
13222
32568
41644
4936
35116
14029
18832
17377
3115
19485
37586
26347
14803
40931
48685
6026
47035
37892
6208
38788
22075
17915
4408
37121
34803
31147
27990
13745
22761
5024
42699
19781
33072
19654
28371
43480
35386
20535
13112
27152
26365
16466
40957
33775
29702
44011
35885
11835
1219
41146
46093
33831
12225
37804
32715
13956
43306
48641
30624
17559
41807
34912
40266
28424
37101
47619
41075
3924
34227
13149
23873
30309
9682
15753
9861
48918
44912
19678
28533
26886
20883
4222
41545
13340
27029
17493
18811
42339
10524
16806
45013
39402
15475
26598
15629
7442
9827
12577
1815
16094
20351
30419
31810
36688
28582
27657
42396
2425
13237
10443
17872
8941
1909
16934
18204
43166
36091
11533
42224
2767
47348
31840
1304
3625
5500
20572
39426
19528
4166
26673
23818
44018
43085
5918
26010
47463
9211
15469
7335
37419
48134
32784
7906
34207
43530
38038
34423
16502
32535
5914
15602
39309
8013
20539
21580
38294
48315
25555
49045
48756
15462
27713
14287
9455
7000
11478
14031
17992
28801
26763
16666
38632
3665
32136
34961
24556
45850
7403
20741
35765
27772
31120
44743
16144
18201
9496
23789
31144
46902
24100
20196
1381
42296
39702
2281
48460
43399
3583
45264
44013
15707
16579
36223
25211
20268
41874
45915
23780
44908
7998
35055
15491
28993
25458
515
25754
16746
19719
5914
49588
15431
19491
13787
10500
28760
41376
20786
42233
26626
2220
17959
5249
32223
30873
48296
27063
21805
47014
27680
6579
10508
45775
17102
33183
4349
23059
27582
39460
47790
35895
48351
21415
29704
45561
1792
49936
3414
42033
42047
12041
41297
29058
42015
8918
201
26257
13112
41176
20024
20560
37736
5389
7263
10343
16358
33840
46764
42544
8525
38929
44941
26890
20932
29588
31350
48180
8749
17083
11369
45053
38864
21468
18467
13019
5531
27164
24091
11920
25788
24728
37381
14711
1358
1505
36603
42408
40108
41066
14988
5831
30305
12993
17156
45957
11059
3262
26282
40501
28108
39347
17049
9781
5836
24112
11149
37174
7690
925
47093
34461
28518
29734
44145
32384
7766
14711
46764
13313
12487
17445
18871
48918
32385
25039
8532
28266
13540
39327
14127
18544
47625
44380
12410
27415
11820
26773
9564
1885
19018
17157
15432
40480
29555
16273
24224
38201
44844
42417
30026
5618
676
30728
8729
21184
45417
26054
45013
13907
46749
25132
46429
27740
48241
39137
16792
4787
6244
36503
3850
3415
21814
15390
30863
23219
39739
43960
39205
46502
49036
2982
351
16623
33065
40609
24965
19825
25866
43991
24307
8666
36671
2695
38042
11755
17058
11132
33013
32298
22228
30676
8645
5875
20795
46547
34761
28372
9292
17065
7657
20530
2894
8380
32716
18415
49009
23631
28186
18541
17250
40169
49909
17285
33880
20513
28558
10812
20679
48291
32196
9913
36416
43084
41723
28835
3487
12381
9740
3576
15064
12002
2350
30818
17054
10718
46265
30614
28601
7603
32434
2673
28935
23364
46466
36756
31798
29999
32308
7372
47170
9702
8103
22911
6132
13351
18619
11839
11029
49147
33340
17877
36912
43459
38382
13919
38243
270
34472
37407
11833
27290
5035
16132
32644
44361
6180
21538
1701
18630
44650
44606
7994
25832
24481
38688
6951
21203
10077
1892
5312
30161
46380
43223
31447
29756
41179
17650
38941
43123
380
21589
2873
43002
40787
29694
21293
47942
48124
37300
8475
13852
3190
42181
18543
21179
3639
48745
4634
35858
39471
24994
6065
26139
16722
11666
15733
26143
5845
1344
13646
10678
25460
26371
18673
42412
49319
42864
10101
7903
19565
32168
28335
48227
20322
44889
39551
8604
23530
43615
6298
24081
33597
13098
32087
29192
25433
31223
17595
36900
39343
27726
5912
49577
27691
24132
40230
12213
28449
41332
27919
6091
2650
33642
22396
30377
44331
14695
42441
44973
46768
10162
32461
34555
41258
42416
34385
5503
19051
30685
28662
5189
31300
19686
9739
8374
44847
19687
16295
34281
28031
19364
37259
3127
36109
5015
2955
33647
7053
33466
27847
27067
6192
30451
43309
47206
37255
16605
23295
16702
38375
5358
32993
1066
7466
48530
43357
30335
11767
11941
25752
2966
5458
27279
46162
19506
20574
38483
47454
29818
49633
43926
29487
40882
17371
22369
12267
13832
12129
5126
48957
39587
16994
44132
6968
28429
35020
1174
383
25882
7646
871
11254
42978
31268
30157
45338
26548
43104
48774
39445
47573
31897
19844
40533
40418
23640
45263
44158
45239
44243
25886
19834
5743
8197
8854
909
12504
7334
1041
45615
12335
1757
13712
31530
42508
9512
42581
15845
28559
41029
35296
12511
5642
19720
30371
9710
31063
27648
1429
7632
10885
9989
48416
46045
29180
31788
30899
1286
29459
38353
15900
13194
19322
37318
25672
3337
21879
516
6728
41314
46733
28297
27242
32486
48305
37923
39048
47911
36326
19056
2425
31948
26193
31857
33643
38734
47488
40074
44477
31975
15198
46811
3978
34623
1246
27656
37775
20699
36258
4162
17553
42487
27337
31020
7663
32426
40809
42348
22725
29381
45712
28588
1363
10573
18875
47592
12596
30752
22534
28712
15211
33268
14398
38512
44890
22226
39459
46871
43054
30701
8595
19227
47382
46621
25583
27319
44112
42762
48141
23609
30954
10618
40753
13579
18511
45265
49103
5648
43716
31646
8460
11356
13073
10244
39698
32255
6612
27261
32356
19900
15382
13725
36492
3083
1188
23513
17092
23399
44363
10394
11450
32995
2095
4172
22133
28221
7469
40472
14856
7909
36830
14686
31874
16896
22303
23281
3058
36505
17530
9907
45228
33776
39602
43875
6825
46294
3304
28693
29958
49529
7269
6939
40014
39954
6676
36862
2750
33246
6908
10947
41282
7737
13460
23700
10291
47733
19144
46410
28935
49936
33154
32662
48008
6507
10111
42407
23837
21928
9029
8059
13231
28777
27246
431
16077
31042
22368
18792
33097
11223
5585
17433
24407
46871
49469
27198
23635
41251
43581
16085
9935
49362
49381
34711
27637
14954
9043
28103
27093
26824
30064
33826
44708
23709
1950
29004
9541
651
47030
33904
4560
5556
22171
20631
26322
10769
28447
4028
25773
49754
2430
43265
42039
9892
37654
3788
41393
46751
43277
34064
19380
27479
26345
44621
45926
36281
19944
47287
48673
20558
22554
517
18335
34589
40003
9624
45894
26472
29241
42197
13443
35679
40918
40513
42731
28976
45709
22626
42516
26509
12929
19761
5523
2422
35221
21921
25558
47520
47112
48500
8257
34109
35441
18607
14007
6083
33532
36161
20463
34166
22328
49613
41660
10487
1534
1827
35385
38830
16953
15816
19919
47612
27705
33113
7237
47971
3928
24443
17023
41090
33259
23230
8114
3128
49581
42661
8175
29408
19527
37515
48290
341
29697
22215
15472
48874
38115
37066
46835
41139
43615
34949
39029
15324
22959
19608
18647
43707
46848
37536
44068
9173
46815
24750
34056
48333
16228
6896
21485
33846
38166
12619
23676
29773
6421
9604
46638
27898
27004
5370
6045
4075
27845
8523
31211
14076
29239
5116
24202
44356
34488
26394
38550
36632
34009
25872
17281
38292
32691
41711
27749
28841
45155
32082
47953
27323
10672
9459
33147
8331
31769
46605
29996
8479
46171
33632
34677
7737
45512
13935
29847
31021
2136
48922
10278
36636
24204
7783
39426
26779
7230
7921
24221
37471
18978
2639
34260
10046
7716
24344
19983
24540
19874
19266
31845
1833
9363
9315
38641
27640
3188
19999
18578
14128
11998
48474
32033
136
8016
35883
22849
4427
2928
27366
31534
37556
20296
37077
29646
22139
24727
31144
47188
39695
8703
49935
9078
33080
41711
30207
49917
29486
43726
29430
9763
47701
21313
5853
40944
43548
40867
26845
25377
15258
25912
22216
35454
3002
43938
29038
48228
18178
42330
5801
10853
46347
1625
37486
41294
46360
20240
36768
42281
8112
42199
36657
5580
12610
40547
35509
37804
49651
3465
37371
34193
12412
49188
31184
32940
1223
7882
43139
34855
11779
1243
18019
13487
16075
46243
37981
29113
5547
34966
39770
20999
26332
38593
2948
32209
1524
22279
28640
11829
27193
1576
34596
20799
25035
16854
5965
7513
6509
35506
11020
18700
9439
11971
16748
5873
10107
20106
26691
44473
11088
3860
40270
21318
11892
1780
46746
3833
19531
25555
6471
20974
9336
27054
21247
16903
24609
7927
3399
13274
15703
49291
39125
38406
15498
32307
33333
49308
33057
25234
7541
17648
3973
20862
30462
36249
26678
4289
31730
1894
26705
41519
15318
1220
17639
36311
38415
44243
6652
16142
36353
42700
8229
19963
37240
26656
29227
5499
41667
32796
13333
9330
24464
35418
11022
16066
35227
27771
36382
29605
2738
65
30451
40680
18956
42798
10969
35
3943
31600
17911
39181
16442
44564
24913
23030
41432
13943
38348
33444
18436
2980
10578
48443
35002
36902
4583
19702
5879
25906
45772
8059
9152
47518
36469
18314
28309
13818
40006
33083
20860
44702
22454
41626
17128
49328
46383
29669
17892
16117
43402
21078
22389
13803
30133
39289
21525
1040
45340
8763
42365
134
39897
31229
280
627
44086
11372
27077
36424
45645
46091
32045
49968
25741
35266
5318
42539
42681
5080
35300
2028
44014
29175
44056
8088
23133
24666
39407
23459
25346
11612
45680
552
8176
30323
24279
12647
29135
613
14517
48702
1296
49703
18424
44600
46477
23450
12550
5896
40202
40975
19869
47042
14493
15352
32362
23789
2411
18399
32298
46140
46331
39716
13702
467
12850
41840
25957
7270
18176
37296
32789
32375
11172
36161
12698
43243
48418
37074
44051
44720
39516
37037
11503
4283
38545
8404
48888
4263
8351
17014
37349
14939
34280
47769
17978
12573
44432
1515
45415
44416
34926
40269
16575
44609
36707
29748
128
27991
42006
44112
42600
3398
21168
28347
26665
17959
7976
44575
33966
30578
32477
23689
33898
49743
2848
47265
14715
3077
18214
27529
34892
29416
20725
338
25680
12753
21935
5361
37474
1662
48329
14786
45190
27775
4878
16382
12902
10779
21576
20368
4118
41025
40979
6339
1826
31455
28308
1574
38832
41045
21908
16410
16197
7067
31036
15621
22334
3567
21862
34057
15515
4778
39319
40603
28739
6269
40982
29258
37941
8180
5605
3977
2185
24732
20531
45440
4261
8358
4063
28961
3590
19757
40025
41037
28301
4311
6673
44404
3656
36651
3421
19327
24999
26324
6280
40455
49280
26942
15277
39293
43235
40894
695
29714
25160
30422
28056
40646
40581
6637
22257
42658
44287
1702
29758
33896
21508
38522
12614
7078
6729
805
39005
46746
4426
38855
12688
37566
8256
41770
33351
16795
23290
27591
31548
47488
40688
29138
12184
15935
9022
2888
3964
8367
20425
38307
28563
33628
42710
49438
23445
20394
38251
35464
9543
9660
30770
20229
39539
22472
19075
24171
529
33926
38432
43101
44453
9476
3756
15557
33233
36664
3578
27660
22532
12806
13131
41979
13189
4482
22383
12409
43768
31177
45533
45340
30631
39306
45378
21701
37906
37099
21997
40376
19636
27439
21536
10635
6871
29773
2765
32501
14378
242
41862
14616
45430
15091
30574
40889
13968
15664
31506
48141
21726
48501
24635
13455
26234
12074
440
23777
648
4832
23454
1967
36352
7549
9332
19043
28862
12740
41375
38383
23587
2877
1945
13049
12964
18618
11412
14348
17170
47109
11421
22270
36340
16119
11700
12844
1408
11539
17156
6631
1375
44397
8994
24833
42917
7272
22176
13778
19993
29897
15738
24224
24402
43313
11230
34532
40842
28424
46592
4284
7765
9465
8571
12428
12562
34901
24785
45505
24527
20837
39292
28150
41690
16026
3027
40372
38490
12392
35092
19279
9736
21474
16198
3490
41252
18354
8287
33309
38278
32046
13712
47664
5335
30845
43483
40297
4251
10972
33332
25435
49237
42275
49226
33368
24527
32675
34006
30426
11730
21091
46693
24502
34437
45515
31673
46900
32426
31048
17585
38088
26276
41818
38271
42581
2398
13579
14386
13303
29627
15360
25945
14325
20053
27854
24712
37445
10302
24517
16680
36080
5554
8803
49258
5506
19336
29131
34001
23040
15084
38270
2696
30490
33571
40706
22044
27925
29566
30641
28344
26801
24085
32606
20776
17892
25059
1619
11768
28946
15321
17407
42293
4973
23533
5401
19301
32883
33606
35825
42182
5122
18115
14925
6449
7771
4675
23608
2508
35784
13127
21873
12887
44243
21577
16385
19838
48838
44796
17987
12493
46244
39585
9035
49308
46935
48484
35594
17113
559
19626
18471
22716
26464
26591
38007
49663
42946
779
30933
42866
33596
49883
9783
26050
14914
14871
47404
49095
13754
31092
15317
33805
38469
36216
49651
30719
47350
30238
22325
5627
20517
12310
28101
45740
27373
13735
28749
29489
36598
1972
24556
9106
37847
8411
20025
48352
634
32754
43178
23243
22270
14777
27469
27899
44942
49324
26435
49993
45253
35232
19637
21369
38466
1523
37196
2110
9118
10072
21643
37236
41277
39518
39835
37609
25617
24990
13382
25600
4175
35028
25325
12342
31115
7119
21550
37323
29591
41877
19965
6110
11234
6836
44229
36235
11641
2101
45155
39542
32021
1758
12235
13041
4554
25289
18600
13493
15272
19077
43225
34366
4586
29796
3765
24159
33982
723
11260
21415
26926
25631
10291
7257
8463
35156
27421
31342
48702
4506
25493
13531
8515
13479
20300
28324
46509
43567
31115
10405
39564
37689
20336
38501
13302
32930
46974
44881
30078
18051
13218
487
9351
29211
4192
26164
39639
16176
34462
21554
37304
32175
30159
30323
37757
2561
48319
5970
18868
42355
29904
22726
45895
46638
19493
25630
40175
11477
27200
16327
11768
40483
48053
28316
30004
25209
43193
12022
45778
37264
6260
25791
45786
2861
15708
10350
17942
41162
35241
19129
43690
4374
45747
47614
47343
14238
32341
26953
49929
36229
7944
24165
5015
49505
6895
33056
21365
26876
29552
10802
16565
13590
33165
2925
30288
1750
4796
41868
45513
44277
49134
30271
24979
22521
48887
26171
12740
25996
2475
703
16423
7515
46471
8944
21437
43928
49065
30424
31769
30235
4471
5409
35941
43058
15878
46765
28686
9191
30853
18293
10575
11179
1183
39779
6587
11615
19277
8136
35039
48591
25614
11039
5084
44000
734
44392
17907
10059
28878
23467
11661
14199
46819
2257
44239
34884
14166
28970
45661
3129
41601
34267
42009
43420
46950
43256
6736
25599
45242
20206
29097
3435
39203
305
3189
24732
13221
16364
24552
15632
13106
5989
1051
27635
1831
954
22093
12592
44561
43840
4140
14455
6330
43523
11002
47448
10947
2884
27242
33587
7057
21439
21147
36834
41077
12422
40938
13573
35501
25890
28041
7917
15231
14010
6939
23368
21192
11378
982
26354
42860
20725
785
25505
13943
30066
14424
4326
43120
18248
42594
40888
24181
2879
4412
14323
26941
19761
39247
32740
6672
46696
35139
37303
11236
16511
6209
39312
21256
41344
45633
25465
44426
45463
8711
21761
11490
41638
49919
45064
20838
43671
31596
4424
21961
1156
39880
38340
29419
25059
33490
41981
48615
15232
32992
38500
46178
871
15244
1390
40393
49737
8130
20240
15492
48359
28082
49626
15961
40616
5202
3927
9014
24544
32684
19438
13239
9939
24625
13394
42076
2484
15601
47533
39195
29080
48447
21541
8799
18227
20810
42179
49839
2595
34135
27190
42470
18904
49188
1552
15008
48029
21710
22461
15876
13488
35344
3543
43581
16275
45046
45631
47153
14578
39850
25001
34175
21078
12028
28990
41273
396
4234
32220
4586
12613
3414
41573
9275
13383
8228
6013
11382
38838
35969
13393
15486
33254
5122
27934
47512
30610
20412
10758
47295
12945
16051
27788
11562
39705
16316
19864
18700
37776
29377
41654
13199
17816
31534
5243
23565
26099
24754
10994
30848
28926
27701
33114
39937
48164
28405
49828
10215
31588
1298
49933
24996
28009
5454
49732
19675
39005
35205
10013
36231
47621
11514
16861
24933
30385
20044
29727
18561
24585
36840
39716
31512
4714
21838
8955
46849
30753
12826
10140
12427
273
841
32813
47865
47536
24527
32207
26512
27251
25863
48640
24454
25168
32083
20172
42011
38555
4668
26790
2544
8157
25219
37067
10640
12728
50000
28593
16728
49255
47333
22844
33397
46473
32022
41614
45120
24129
45642
3781
42657
25253
27789
48212
16173
15882
31308
2261
23685
41350
46305
44330
1851
45709
43625
42292
9691
17126
39677
29849
44634
9657
16665
16214
39462
37902
43424
10579
808
7650
6049
42231
46636
25188
26061
46272
38414
5265
33982
12374
27718
10867
27975
16572
45340
19806
32810
34943
43154
25086
38409
20183
48099
26975
49313
47687
5824
7161
41692
37526
22570
9352
17630
49068
13731
49039
26081
45810
20191
420
11036
32225
103
6348
4577
45633
27383
34403
27318
42894
18896
48040
28242
11182
11560
24553
12215
46140
8803
12977
31881
11926
32939
7224
29534
37164
13931
12165
13168
3865
49146
11975
49752
12575
16996
26790
28883
41080
40922
7156
41709
10887
5230
19210
5616
24754
8171
18137
4211
22423
1944
38380
15386
31319
31797
44092
49842
6606
623
4001
17437
49269
473
43602
38171
2743
6346
13832
34231
475
24619
39517
34083
49896
17421
31845
31013
49604
22087
39608
28144
22056
24299
44686
22483
20658
15702
23672
43586
26114
24801
40029
3751
23332
21643
6565
202
29944
45764
26332
47528
9100
1682
39446
8054
34775
18315
45827
49246
16288
24145
29616
40524
44969
43180
31142
33745
27074
43268
12316
205
41816
21114
1089
41535
23606
2998
48222
21333
44428
29118
15306
39764
31754
26225
48444
40146
5332
22828
28043
31203
43144
45842
6583
48121
25222
19258
39791
12784
46657
9382
34082
37479
46967
33071
2080
8379
32632
5707
19749
44109
35962
30592
11013
29247
7581
31599
43426
35433
15787
15948
13870
11169
49365
43237
45869
5861
6912
28501
46908
1915
10501
21397
25132
18373
14442
47131
16883
43642
31214
43948
8067
43612
8896
35031
41520
47540
32241
5927
45336
21810
14667
37746
39366
4238
42204
22493
24707
47018
48691
48234
47515
25011
42855
42080
36824
28636
15293
14650
16979
7581
19069
5746
7299
5841
22297
48534
38810
12331
48799
7609
37541
24100
8350
20537
24916
37808
48294
110
20368
4055
38670
35101
12442
25437
27767
20948
23922
44518
8277
34062
43499
39427
38717
14558
6985
25907
602
35277
30186
20704
9483
19452
14346
32757
44563
29870
9661
39417
18572
9559
48959
43604
46069
2250
39248
20980
20243
32923
45128
8091
17920
46302
37615
31344
41358
14136
32441
19103
46146
24687
3854
21832
10007
46973
13802
48015
14750
45901
48216
3444
11732
31949
47670
25677
19601
43204
10432
1413
35909
25708
22112
27684
44426
31026
22826
49657
25648
25628
4707
34592
47628
18549
18505
45637
12785
45947
35914
25806
6377
8578
21195
49300
38036
3547
46503
19927
29984
42902
10727
37824
9015
28959
45610
31617
19076
9491
13747
14295
49045
12822
48189
42679
598
23738
47576
37727
6681
44454
9673
24677
27991
44528
11024
3691
6294
23303
31055
11772
3438
7690
33779
42604
22183
38888
28430
9736
41089
47353
26476
16056
2227
7785
15784
25994
32022
19837
45087
39069
11304
42781
48837
24600
45337
43957
43156
5872
30387
42618
25041
18036
41440
42807
29171
24072
760
7864
7643
5415
7998
32061
42035
43829
33406
14741
1509
38459
37550
37527
31424
17938
45464
48847
6196
38854
11868
25163
31731
42244
46054
28420
19553
37448
8207
6516
21314
4161
46777
35226
12116
26563
45923
1294
25807
36441
35154
34739
32018
4189
34006
38320
35322
46776
42709
8132
49381
49347
13596
43160
7689
11840
39262
45561
11792
348
36354
29309
20597
8063
2565
8442
37688
13515
42771
10565
5755
36863
16827
49353
2294
5545
8173
33170
19567
23826
35679
11246
27725
43133
5
16275
19700
3025
34042
19228
43198
35002
29158
9165
37818
32141
45554
20508
34253
23076
39726
35272
33462
13752
45084
6488
43425
2931
15538
2407
12325
9284
19641
14104
8795
39462
36180
14158
38783
23531
18179
8420
47782
40783
27657
4873
36034
16709
17083
25020
42583
10703
26218
29888
5456
16657
44336
27875
45515
9387
35121
13353
4624
41259
48016
17655
41492
45665
42308
12624
46821
24388
36938
43077
42452
33516
39645
10750
27504
10059
20732
28418
24834
1698
39558
16220
5080
17702
8167
34830
7208
44825
35937
26658
4322
21584
41954
5831
23777
21857
17907
9589
14795
17933
646
6419
24717
14563
24814
6881
8093
11516
34503
47731
20090
38589
32087
6261
34665
22865
45905
37496
18480
36145
17763
39810
6492
3143
11190
20840
49274
25530
11840
22621
48581
44421
34844
36154
38968
26388
31251
38817
8360
16977
622
45000
33657
46741
10190
43094
8281
9350
24825
37195
48196
17522
3464
47541
41890
24258
46366
16325
44447
39891
27410
46319
30001
11999
28767
23199
30714
32914
18797
18076
28034
34117
47085
14992
20000
41656
5697
20031
26641
20495
5907
41594
5208
5026
47838
15731
6136
10820
37703
3762
5543
48720
18733
36317
32299
700
27786
44370
33337
47893
8940
31434
32624
33751
44900
44353
34891
45736
8171
26572
910
40388
12463
48884
477
46803
27851
46045
35017
49130
22613
16005
48429
43330
34610
44831
39924
2775
39804
29402
11044
44205
34309
14750
11456
4923
24055
8737
33664
23153
3336
27703
32473
24844
11172
24463
7420
22148
44503
16368
35331
7724
19009
19606
31662
19237
17350
13963
146
48367
41364
37279
25796
14251
19976
42137
33785
2321
30346
40484
31999
3768
23314
386
40339
30169
21531
19552
23192
7023
337
22919
47345
12200
26349
23234
580
6641
28233
32246
12946
5553
34674
33706
10073
26916
8116
31943
452
10199
43033
16392
14817
30847
25910
24530
19613
23887
28071
11939
35155
17660
7123
28742
43009
28793
10605
9166
23182
48961
28440
380
23542
46479
13006
7252
12423
18671
2638
8760
25856
27594
48753
21706
2071
10506
43660
13041
31411
43597
17419
7785
27596
32051
36052
32477
44678
46813
8351
21291
49223
26206
32889
47578
48620
25483
8612
7191
7069
1386
8265
10193
22552
32768
894
44855
15499
3410
44453
22422
28158
39130
48328
526
28464
31469
18970
18495
31845
5414
49866
28111
16236
40475
9993
47792
33504
12246
16349
18424
7537
17270
45937
16210
43668
28125
13003
31057
46298
6754
45950
47871
32920
40049
11874
12364
38744
41216
41581
9746
15032
7894
8670
26298
2514
17947
12594
9581
27938
1157
40400
13083
5959
3339
24926
26692
34404
20083
45885
41504
15166
14534
22031
27923
31404
4020
33414
27988
42196
3385
19941
7212
17645
23827
18386
23004
46634
27398
16185
20961
3116
11911
2679
35
3416
43281
48808
21078
13892
18698
30936
18360
39749
6603
28239
12113
16532
32196
23827
21907
19946
7309
6349
43840
895
44758
36160
8539
21706
23630
48581
23683
48688
38594
34659
39630
24352
15614
42614
18084
13764
38294
25169
5716
6970
8551
41258
48666
39441
7887
2689
38440
42883
12480
12643
46180
29213
6464
4907
35820
40567
22472
19757
47536
31077
49872
13238
34967
47236
10071
2871
8377
12563
27407
36077
46635
16549
49765
36722
22763
23986
29391
41278
47010
7695
28581
4437
31642
27459
34325
33021
1433
10940
39266
17966
45659
8449
18982
2978
37104
3984
45469
12464
48543
26050
32442
44872
34895
33651
4914
10847
28688
49199
33376
25175
36863
25575
26270
39794
17792
13561
12062
235
10485
37479
14274
38804
45660
580
33606
29847
33018
46383
47223
34411
16962
19884
14439
19422
46416
17597
36185
7805
11213
14675
2989
34967
15611
19126
2561
41917
9708
18203
8714
17723
3376
42101
16318
13760
35035
7614
91
42509
22771
41463
39659
24190
21270
5455
46233
35997
17304
47322
8756
26761
40074
19326
21275
3752
41022
682
23296
14370
47872
18329
11582
16776
1024
35218
43077
38224
6975
47356
48874
45096
25033
42849
16865
41040
41569
39606
36102
13510
28979
14459
21250
17615
13364
38119
41274
49341
25917
10200
29232
15186
47828
47597
28436
24159
9721
31392
6140
32503
11895
30106
12125
11541
12377
37333
32146
47807
11823
42438
18484
1379
20326
10677
11647
25834
45047
39834
12310
4551
9405
4721
27944
16072
29820
42278
26378
6568
47468
34522
8997
47629
49181
772
39537
6535
24764
25165
1357
7211
888
42236
2866
8662
16275
5478
17541
9347
41116
39297
884
615
6969
35544
48243
22176
46363
5568
13259
9124
31485
49785
36887
29119
10691
20144
21741
31385
10126
15978
3661
35620
45353
17528
41122
35626
8065
1389
2918
6738
35693
19447
6721
33524
27216
9295
79
14700
1572
14855
27992
25256
9658
23154
42949
18798
14803
44853
25214
45007
46848
7366
32231
11112
7217
14714
6667
18468
23416
4999
40350
21870
7756
23625
5557
2840
39616
9902
11669
28090
34765
21944
39296
11885
44527
27868
9844
43730
45033
19763
40944
18809
22831
6810
17766
32718
43367
24190
17393
46616
5004
142
9741
42982
9606
20988
9684
25598
29274
47273
31354
4411
7416
37869
28013
47625
18250
9480
5927
21171
8358
11919
25232
23108
20926
32388
27776
31541
45444
27128
39435
41720
21853
9058
42857
16115
25112
27437
36001
32578
35307
34981
32283
34896
35141
15080
25206
5479
38074
46853
27645
34533
37871
45449
49039
14374
46077
5718
15413
23704
187
13322
1124
23750
36593
31059
8755
7219
3904
22894
23649
9132
19313
30172
9446
36143
27595
15892
13810
14718
3661
48955
9030
7683
45598
46134
9376
24737
48043
1726
45621
27833
24358
3544
45967
6947
43433
38116
4834
31249
38923
10366
1978
9626
23936
9258
5176
16059
5050
817
37301
27295
9811
11955
30786
48729
9182
49027
34566
45781
19628
30814
26969
47353
22107
29096
42260
45563
865
18793
7291
10216
3932
42103
2104
39595
49226
11375
32983
10508
712
25977
27762
44558
29772
36317
46622
16911
37490
32890
20056
46488
14897
27765
10276
17814
6025
34177
24743
8200
48702
13884
26240
40569
3669
14346
25709
12038
48889
36653
39654
5059
45378
30699
31287
20525
42775
42066
26548
24934
10801
3582
24345
42378
27801
12761
17689
7104
6841
5099
23770
39530
21985
1838
15697
18494
10666
35492
6977
4280
13887
39132
719
49579
20258
12303
36155
13220
41837
2121
15750
17640
5573
37363
37014
2940
36945
31706
2993
3148
20616
6108
20224
555
23373
49262
18507
26092
32782
12771
20609
49272
25601
47558
23320
8488
46049
44216
6381
21713
26691
48591
33002
6619
32910
9842
1552
38481
25042
31257
38427
2451
19013
10565
9931
44720
30350
5161
41022
6113
47085
15176
14132
44660
42874
9231
47091
10554
32874
33836
47757
39894
42689
34294
22374
29326
8598
22218
19060
23613
40859
28239
2622
46711
44752
25403
15670
13685
40002
39772
4915
9987
37152
41142
32605
6383
979
9346
20286
35857
5712
32696
6167
29806
20559
11122
19372
10582
4467
18357
37782
23811
23158
5847
4661
11743
46573
30195
16904
31015
16778
28969
42617
9204
8124
37272
31998
2594
23820
18784
26275
26806
40611
44602
8453
28890
24034
33585
40935
20555
24489
5471
44708
27079
33157
29497
17224
44731
2796
40672
42196
3739
48564
16044
45858
36752
520
10129
6900
19048
24629
10368
37364
26167
4782
14617
25442
30295
43853
6127
22867
30531
30702
42105
35069
30464
7151
5624
11814
47957
7100
26014
28384
13072
26314
21543
4225
20793
22441
39607
31869
13935
46025
48580
31209
7492
18243
29791
2508
35722
10206
30799
9536
41957
13989
20983
37237
2052
39392
24922
4089
23690
28187
31025
13986
3544
13860
1503
49716
44805
27716
17684
16519
41660
11541
5478
9288
4538
17950
26546
5354
19551
46675
29584
27506
34391
14031
43885
17003
12063
3522
6058
28084
22414
49360
19457
10782
13015
22890
27466
31563
31162
35094
45143
10530
45658
28625
23245
45409
37376
25502
650
36759
39133
13012
5099
47364
43775
37911
40403
9477
21216
43520
48126
48682
48281
48046
20743
929
9863
30058
9665
32731
20736
7445
44167
26632
17223
34124
47335
240
29527
8239
41569
29447
41872
37904
6386
2391
14327
48870
12298
27536
45642
35788
10885
39383
24743
14164
22812
13747
12527
44540
37803
941
24265
23841
1061
19788
20117
32904
8175
45830
32711
42527
29884
27135
26895
23050
23082
35551
27908
34286
22008
7430
11522
30069
28074
24452
11593
36225
38986
10659
35570
28565
25006
18679
43227
45124
44582
28671
41556
18562
46012
40656
6502
5742
6803
5874
42573
1076
40387
26953
6794
32532
49148
49265
40883
35699
6534
41518
29104
32988
38091
2138
43759
18999
27567
13885
14606
29794
36148
24974
7503
12816
30774
8155
22977
30405
27062
42261
46126
48572
25939
498
24552
14675
33263
18586
17538
43167
17334
20145
27178
44125
15830
272
27168
2141
1017
1720
10051
24537
34010
48578
39318
20805
21960
11168
37498
28181
15848
36420
25648
12626
40387
42233
25776
3380
37870
28121
8445
41698
25586
47717
11384
26418
20848
33900
10383
28665
15136
6525
46532
8279
33046
7757
41382
37809
25690
49949
41111
17054
36235
10423
21129
13353
6111
6112
1680
28666
756
41215
38881
10030
1823
40507
46371
35630
5162
37473
25061
1657
48649
48114
8555
29734
41580
41386
23469
12226
15710
42763
14532
19459
12702
35089
16072
47599
24779
17070
43205
3391
18020
5437
9422
41119
1516
41837
37968
6777
7270
30089
39052
8040
7017
9295
18511
17170
11837
6080
5071
32390
23684
13629
25611
6597
32180
1438
27115
4821
31884
41004
5001
13781
45045
27519
24592
20551
41520
29548
10558
11783
19579
664
11709
43231
37178
41367
39757
2061
7681
22466
22726
31713
40239
39321
35814
328
10380
34193
48607
16678
7968
12638
39722
1936
35124
1509
33947
33537
49870
9984
14175
23913
7522
14218
1933
21465
9080
14402
5468
47693
45324
8295
17536
17935
31560
13057
6027
22842
46404
36142
42724
19288
30608
48837
32492
28577
33597
26210
12652
16390
11335
12968
45026
47015
18421
25744
6743
38249
38507
20420
10856
13489
47320
31970
28407
29239
27770
39081
48960
17804
20889
40823
7048
39799
25103
28135
13088
37168
23128
24507
41464
4211
29452
10960
2212
33512
16584
38461
26857
19233
39576
42277
34766
23085
26103
1962
7513
11790
21147
28140
12184
23445
16077
4760
14102
43054
24357
24377
9505
20607
8015
631
20879
45107
714
46976
21552
14009
30498
37189
21073
15246
36807
4340
25270
18586
39439
13905
34554
14251
6744
36762
18222
46941
39839
43997
4903
37614
42353
27639
44704
49558
28521
20826
20979
12985
12918
3254
32370
32679
3066
17984
27606
7815
8132
29673
11215
39415
21422
38742
25090
15494
37775
1393
18680
1168
42183
37732
304
30262
18636
8589
26398
2425
34961
34571
2563
22111
42256
1066
4551
30794
6233
27202
47399
19726
18001
20787
49393
22663
26236
5227
36467
20524
32362
40129
3084
25777
19558
45643
29791
32331
42014
7956
24504
40499
6733
1919
14681
3134
681
9092
6890
21158
45062
47464
28552
14833
11153
5768
12527
47455
24174
35229
323
45104
3440
17018
2823
7261
3145
19941
4917
17283
21582
45083
40157
24874
17688
45787
11163
9028
38237
30192
7857
8276
20927
9699
49350
38281
27085
41740
29280
43793
8019
34194
34576
15762
37872
31321
43336
32119
18385
21096
47897
31634
14800
6016
17289
19414
46621
5426
23134
36602
15884
43219
42410
48186
13493
45545
5112
4924
32414
3949
13924
860
43941
14164
30680
25235
12315
31958
6850
22311
13674
38700
49912
34579
33680
20536
49839
20435
46433
29754
42945
10092
33063
6924
8523
14338
23831
25269
29650
40663
33650
13305
26227
12317
4498
18208
27727
10760
44975
20129
37830
42492
6688
9652
30209
7023
48826
7222
15765
1087
30202
12257
17482
1873
31210
43377
34792
29664
23065
17404
7754
36064
5509
23227
28277
13897
9871
26013
32911
28236
33287
21871
3483
28923
17864
24233
6410
3220
42508
25068
47972
27694
12709
19267
12415
26390
11576
38931
18083
34705
39809
32349
33988
28414
7155
44640
3268
42358
16314
7279
14390
7548
3482
2338
37698
17444
15647
4315
34873
6621
18052
14841
40646
45843
46912
26513
25684
25748
6639
14410
48098
45330
17581
32451
13481
11208
13341
22782
41739
18873
46258
39079
18872
48095
203
6176
12129
32980
45906
40771
31244
48437
20009
45084
15638
11156
20651
44659
4551
10921
12277
21768
29833
9295
834
43649
31103
28044
21892
1364
11633
17290
5044
11188
44512
49824
637
38928
23078
31052
38217
65
32001
16220
30970
7168
2960
1139
37176
44567
19048
14961
34424
32974
10964
49479
9606
6154
6553
19962
48246
21998
29662
32156
48156
22988
35763
16865
43477
31882
16615
23874
30064
888
23109
19735
46540
21871
33936
43511
39042
31742
7389
17690
44943
34033
47724
41929
1358
9692
26890
14434
43212
9282
23409
32625
2025
16014
37852
48562
45600
28227
23554
13520
48782
5850
12703
24758
41860
7073
17951
41083
44485
35711
29443
34531
11465
17387
44503
22861
21705
25626
38610
27347
18104
20271
12489
2693
37979
34083
45995
22496
40132
8058
28407
29820
37136
22740
18901
7221
546
32697
44926
9642
30560
44624
9845
34287
18991
40881
36578
43536
10656
19899
31904
18891
4234
19315
1021
29744
2683
14242
18547
38867
8089
3486
32005
20042
333
28201
23085
43270
42
3270
16477
9025
22951
18564
32898
43602
36749
10160
5636
46740
17738
9348
48041
12892
28314
38353
5289
19058
14343
2106
31010
23241
16300
44466
41749
25312
27693
26156
6431
17121
19793
39127
20364
11357
36956
28561
44493
21134
37890
9121
44782
13074
16385
8892
27283
36325
13075
19730
19988
5609
19486
37136
41177
30222
35771
12017
24639
28632
6294
9083
34509
28960
45490
20529
33018
44902
46700
23432
30695
23212
28027
30575
27558
26886
30230
1813
36628
1731
27585
5795
49535
9213
40318
19817
15902
38032
33567
24452
8341
40690
35603
37065
19224
3508
49501
25733
8253
26407
43914
390
30330
33948
30161
3561
5548
3584
17706
42590
7015
21855
38950
6383
19043
37056
31553
45258
21712
3988
7958
48527
38313
44198
33477
48454
46986
3474
45978
13439
33833
9447
36834
48524
32460
8939
14650
44281
41921
10143
19719
41172
20374
47129
422
31782
40872
45074
13153
7517
4400
2
10028
39570
7932
34067
6348
16200
13388
6789
31047
1615
33148
29085
25605
3647
7983
19655
26513
31701
12061
15396
35829
17057
40157
44651
28778
43133
40446
8073
28334
9584
41693
1419
12111
9285
48798
43087
15773
11191
33522
48605
45850
35827
13130
31205
31487
19007
18969
43747
6554
38585
32306
24073
43758
18034
25636
25285
45721
7034
30406
27321
27841
9710
1833
18574
29955
7872
36976
25521
722
38046
19841
2233
42277
42626
43069
40624
29129
2793
23247
9129
30664
47386
30038
18147
597
10375
23445
32809
32978
13813
22861
46283
34410
25599
33622
4113
11435
42986
9922
23059
42987
47134
36906
22235
30112
46870
9177
18241
49978
43151
19852
25816
4470
42279
31702
24675
30916
39704
43186
11821
37751
46432
33225
43182
34434
16988
8481
45728
21238
38591
38058
22812
38305
40466
26461
4428
2944
1934
48029
10431
15184
6326
43598
6961
32730
44520
31222
21211
49801
15173
48014
15506
6909
11403
47720
25171
49533
27528
4218
4058
40101
16415
7502
2452
49147
4776
28936
24531
39749
41372
1930
11407
21047
7055
45791
29459
24748
8730
41772
37603
36468
13089
12826
16547
32184
28672
44489
18749
14778
13185
48637
10622
28446
34637
12602
5637
38149
1588
41229
43821
6304
13339
2178
9211
343
23564
26740
37243
35820
4716
22328
12144
44719
47839
47728
42089
34613
32517
12460
13597
37379
31046
32823
23075
23362
40532
36614
9035
4401
28762
28017
40990
24649
4644
37299
5121
8335
33898
19544
6613
7728
32683
15110
3373
39419
35424
21687
1477
14681
18998
16474
25586
46089
23455
4453
10345
18878
4900
35023
37706
15820
33931
40058
32771
20462
26163
40543
3712
35778
45712
7266
38192
30866
17239
42810
1964
2115
22154
27617
17097
13140
21924
3892
9128
13384
35853
48095
21601
49633
43472
4084
15441
32345
4778
36952
39977
46077
2317
22665
4637
27278
39200
48450
40136
5281
36138
31376
8484
17728
47404
2735
6819
2333
32544
33266
14761
42620
22954
28279
31299
19884
14926
1405
3627
1727
12856
35008
39854
24863
44691
44800
48360
1185
36208
31599
3417
25370
24722
45576
8207
28162
45962
27972
36014
9028
7574
28701
7732
40347
24098
23054
12690
22487
28608
3796
15608
15206
6028
38575
658
14884
27070
48986
49320
35141
37227
3000
976
47174
16378
3727
5020
3712
8304
28741
11835
18520
2865
20586
22915
39479
42939
16006
19163
8501
39722
26071
31372
43095
8020
43030
5033
5005
16397
35628
13491
32435
46219
48183
23393
14436
29067
46735
19838
24047
36136
19181
42837
16004
34527
17533
20896
45729
35482
32993
6840
3538
22717
26924
46235
40754
31864
18335
5141
13340
8987
34143
15108
19984
48621
36239
13812
8044
24404
47507
9303
2350
15407
45766
28854
42592
29737
7486
1395
32696
2212
17714
18216
38550
25177
19687
5537
3913
18290
39960
25161
32463
1235
25073
25209
29099
2910
14709
13482
24859
12086
43248
28251
34897
3424
43280
19998
2051
35490
22793
1703
39894
49445
22034
17205
49369
38729
14191
49627
1792
22344
47565
40732
28447
28019
47790
48196
49309
3743
7157
36260
25435
47270
44431
18836
35046
30376
27776
37526
47134
37244
34007
17045
10652
24988
30627
48865
15612
8642
995
18395
44734
17982
5605
16379
35573
19387
22120
37426
25860
2530
40340
17974
23704
17612
43203
16417
42797
39845
808
8146
20112
37253
43304
21036
17335
11716
29085
30325
1131
28829
581
30568
2425
23509
31470
41795
36477
14276
26778
3839
37982
5213
18117
39998
36139
20580
4197
28864
11783
16908
18097
17009
32435
8337
14904
41309
11435
9627
40497
42990
3249
15248
7500
42899
2523
12075
44855
33208
28856
38003
20796
2749
36268
47012
14939
3985
46828
16977
16871
1056
44458
23156
35418
47075
2931
39359
15381
22919
7154
5077
33222
29085
7417
33491
5075
15530
13372
21350
37379
24337
44631
27260
4678
42066
27949
18552
9376
1618
21400
39778
23611
21953
26747
42728
24557
30846
19271
40757
2041
10506
24137
2923
19062
9834
38746
1673
6962
39913
13859
20519
33475
46908
48630
33304
38108
46716
22547
14081
24827
38186
2136
43061
47596
9835
24975
49978
42546
5140
5066
14718
37054
32997
37646
41308
35928
48100
27399
35321
48040
7945
34587
3370
39787
30954
43201
34370
34100
28902
20770
17641
12781
37699
19206
15992
21540
15930
23721
15131
29872
20631
49033
7563
45421
15797
29164
48024
26864
23716
5222
23067
36730
33137
5009
23743
42816
31729
39663
15096
29423
27449
15057
37312
8210
35233
16052
26713
44178
38322
43640
9053
39685
17057
18801
22385
20568
7730
5341
26771
27592
33097
9725
37749
32387
41460
12982
11790
29757
1016
10929
7916
27435
17260
36344
46621
30792
48683
6618
8283
2233
28273
1568
45222
10940
4785
8675
33744
34688
25435
27679
23223
8352
26366
45673
36499
15822
46660
19227
7800
22073
22062
38763
39895
40411
7062
47328
2964
4833
48414
23262
29418
26796
41342
29475
48542
28553
18958
49654
31267
45882
8821
48066
12022
47428
38637
33382
5491
9978
510
38899
38866
24240
44165
42559
29722
24862
21000
28743
11581
33336
47351
38540
18304
6350
15221
19487
32328
22355
3164
36970
33926
34419
37999
33307
27963
18694
21155
25170
20878
49630
11692
9384
2748
48144
47905
13807
28215
34022
18235
37692
40335
20602
6518
22763
18664
10852
7769
18864
17946
31892
28764
14656
11096
18905
17001
39725
49379
6954
15183
43675
18260
9240
6289
13555
36186
33338
49470
11065
1792
39216
2604
35378
35252
12788
436
32005
1689
24218
13313
18470
37431
27951
47978
29152
34137
8269
29743
19329
7183
46940
46289
7860
29124
28328
32325
17239
5692
8966
18248
47948
43824
7632
23181
5181
48776
14577
47668
4872
21437
10271
33230
21976
18095
29718
41328
48203
33609
44045
4855
46321
45084
20631
2513
28401
6582
46209
34163
20809
12477
36580
43327
41030
2335
41582
41109
522
16116
8970
38426
24655
14431
44128
12823
17385
30809
9924
31752
12262
48074
32553
18520
8637
13013
41600
5813
33836
47401
49115
14037
209
28463
4408
32157
36551
40056
13667
46529
11672
2543
27404
45087
17240
40198
24922
41354
38266
15382
41793
22852
31734
34764
43053
11800
19667
15197
19144
43776
31788
32127
41289
25703
39180
23404
35613
31520
19360
6326
14347
7364
49477
18826
27498
29305
21325
16213
43412
27843
7590
11547
30456
20899
43293
7440
22778
45676
26089
46191
8392
31702
32058
39390
27001
45037
15391
1898
19066
17558
33258
14097
26804
3984
36848
21180
17144
44236
20815
26950
25649
28963
27865
26127
17085
3580
17584
31818
47722
14348
22271
41698
2990
20218
29336
26857
14503
37519
10914
35128
13513
40978
7229
40193
40026
21606
8468
39646
35374
1305
47331
1383
24850
5914
46185
21842
23114
36234
4159
42921
3225
33990
13792
23730
35092
13004
10288
35107
25921
47043
15029
19017
10577
24502
21725
27092
14130
36238
48059
16299
893
2364
1312
49487
34508
6718
32866
26079
31778
2771
10285
18552
19756
1588
15073
41389
45093
16207
2213
17855
49146
8103
24763
42944
26263
8597
48531
17694
5565
5015
4842
33063
47324
46103
49963
48014
27222
1320
966
48670
35500
39640
9951
6262
48226
38547
25632
12732
39694
20459
21215
27862
33577
48724
1535
19801
17960
30074
13281
6532
17319
42994
37761
30893
24679
19086
28149
6098
14565
26629
36765
18255
31676
18639
46063
34944
33200
16031
25061
1128
32573
47681
25797
24427
49984
35820
46830
7097
29639
14684
37871
1631
26040
15211
29300
24236
31247
36906
7140
42127
20356
21786
9422
41282
5481
6251
36758
11092
13610
32100
38889
16381
5497
9262
26423
40402
31032
34301
47384
37135
49845
15232
3862
32336
16516
26991
20411
48530
22142
9870
2392
21066
45154
37048
39238
26642
365
17573
45245
13711
49482
36858
32029
35755
32755
20513
42730
15449
21091
30236
46456
31653
33713
36359
48475
48042
5336
6884
27898
45826
5079
24620
8341
49603
892
10622
34074
49030
7961
10891
12934
28678
7449
2559
27799
32452
11188
41036
34379
31928
9166
49086
35853
27403
26175
606
19447
7705
28539
19282
47182
44347
17767
34241
21127
40311
24355
36949
42612
10875
9274
19018
34291
44893
13399
40239
46823
24330
34038
39617
16465
30940
30335
13803
21638
48939
47194
8869
10763
34365
46863
31055
643
20820
27282
11745
9853
30834
4394
367
20436
45971
12299
13059
45484
6150
35240
30054
21694
6207
4004
40958
30716
38958
10253
4375
22967
41703
36644
14813
22607
41210
925
12624
17994
18624
27929
38303
47796
20037
24069
40927
26428
16695
36773
35456
42047
43212
13276
5077
38839
9989
6748
47884
14184
18349
11686
17231
36940
6705
8303
34230
38490
42259
25096
21637
37726
38808
39634
18169
48317
40362
43810
31025
13717
11016
175
15193
14184
5985
40299
9600
9393
10801
31160
16
21190
5097
3420
8976
33535
28815
27879
43571
30912
21436
19828
32792
49807
7687
15779
36709
25771
24727
25266
46284
31095
23264
20431
34208
20773
34779
5124
39674
14018
10886
41534
18201
46618
9364
28655
36732
28943
32118
45554
16419
44916
7880
36562
28535
42735
22818
11666
1657
23965
30544
43911
22674
47742
27792
14010
40434
36686
12516
25064
24523
11731
48996
699
12834
28972
23657
34472
12772
367
38416
20341
21525
6167
24174
16630
32951
851
39765
17893
2197
42416
18019
42052
31374
26102
2878
45580
46154
16583
17968
40977
3750
37498
1994
47056
30854
39816
41434
29784
32132
11388
31027
49147
42437
49190
35755
6808
2503
24217
1889
40168
46747
10039
46244
48247
11593
8627
5427
27497
7826
3673
29057
41777
46569
4084
20593
6388
35657
18184
12725
42932
40239
48329
1092
21801
44039
20740
46485
11089
38459
47325
24002
33838
928
43548
26422
27287
43759
43885
4029
4256
12644
49892
32867
9667
47772
17474
5502
11310
29058
2916
18056
39880
13020
45135
33126
26820
11335
41635
48944
211
20392
17941
36736
22982
7714
22377
30556
37235
45632
5642
37105
30343
5777
7619
5935
11960
47811
5663
12167
20807
38741
41066
1317
11097
684
14255
41808
24545
30169
5326
47466
16169
20170
44622
42094
12523
48982
49534
48372
8698
20348
3495
24858
46262
18813
11665
18282
9202
37030
20679
27130
14808
12336
17878
13056
11607
19328
16997
45715
28809
17337
6056
32105
23275
37925
23829
22862
42062
34278
29469
41354
45025
11172
2407
38353
25275
10204
35255
37271
13805
46018
28433
22735
42336
44696
18919
13595
22425
45852
33014
36150
48701
17625
5947
33637
13809
16922
14303
30650
17094
2060
7556
33884
43144
41360
12217
31143
9162
30621
38457
21167
24397
36947
24766
43142
38560
2218
21126
45959
6855
41253
23519
517
10403
27617
31162
21935
22064
42459
6567
12262
23462
20072
10665
30594
35833
12200
49286
1425
28770
40410
29913
38900
37746
45514
28506
47903
26170
31036
15963
16552
47406
24459
39383
22143
31624
44469
26289
19672
2629
15355
33224
7068
27589
27911
17652
37846
26263
38867
1871
10749
33567
10904
19698
39115
45719
34346
13006
37223
49273
9145
8512
43477
21833
3525
5924
20268
9270
22682
30062
25951
10835
30185
55
43162
9665
13133
11276
19744
20154
5267
12097
15478
13324
28609
5909
47456
16038
10101
44873
36395
24527
324
31283
10441
22591
6547
30854
36033
45009
25824
45795
13925
30953
43806
24660
30374
46283
15908
6279
25400
8421
20863
8750
26206
21437
18559
44220
47865
27826
39120
25811
35003
4696
22732
32001
43901
48524
38432
1762
14528
39880
11675
15411
24191
23742
22272
32863
104
40014
39267
49262
26095
5063
42308
15078
9049
32764
12318
2899
13843
19787
28534
6085
22255
25170
42863
11788
27899
9879
18675
20387
25350
44254
31500
2282
17106
27638
11764
10717
26097
44717
33904
6975
30469
5415
22694
44961
48016
6645
42983
26507
801
10543
20907
8437
37662
33224
25165
44977
29798
759
31859
42848
43921
26326
27686
3572
19854
27851
16950
48631
41557
7599
39559
29508
32903
24433
31034
46663
21958
35063
23911
7318
11720
27791
34846
49781
25131
44218
5243
9855
455
22093
46370
38676
16897
12950
33744
40273
47685
29818
28500
3181
30458
18462
2611
7965
32087
30162
24058
3281
39277
44983
24202
16536
27898
22115
44236
19408
1542
35569
17513
11713
19217
23388
27332
1148
29279
21275
19508
41679
2334
39044
7319
23412
47966
2399
34817
48410
25966
16294
11484
5508
35060
6197
8261
47630
9479
41479
32338
28252
18002
22635
30017
45153
40451
15997
48017
34311
37294
30042
2663
5015
21403
24431
2509
9617
39934
47435
41799
6627
25029
33595
47539
5161
22136
41729
49103
19790
27690
26262
1466
12054
48940
16833
47290
42788
48672
5195
28405
7630
12559
37414
17103
19870
40342
33688
35334
15974
45498
3200
24525
37574
30993
14103
49854
28635
18008
48946
45145
12170
18143
32870
44003
2997
39624
26127
11879
44447
18672
17870
331
26685
13574
1226
27153
43071
8504
18007
17501
30306
39261
41605
20850
6366
14504
14734
1184
46465
21273
14487
4176
40067
18863
47720
46663
39932
30188
38529
27575
41600
39009
21545
35484
25496
31169
36546
823
22475
22321
20948
22699
29123
9946
30274
48665
32700
13804
34880
45726
11141
44104
25563
16757
26406
2114
43299
37441
5151
41378
31885
36787
22629
5445
13602
49021
34707
24195
19925
19124
49208
20665
29589
44204
30630
1937
10217
40951
38334
10927
40911
23044
37020
28280
27223
1534
49242
18604
36466
48762
32162
15382
24594
35231
8630
24800
39788
8093
6355
25935
14306
13848
7250
37404
18962
11706
10427
48133
26287
36049
26772
23070
49235
14270
27405
39272
18276
20932
23801
41305
6923
43531
45013
41492
49922
41694
20825
32919
35102
34898
25701
14752
26474
32429
49599
30403
18761
29455
10287
11640
26217
18901
218
34908
21892
49999
30410
43004
11289
44784
6443
25123
38021
42801
27400
27411
26889
12378
41708
1903
40558
14692
9081
39957
40627
32988
5276
39293
37393
47982
26789
1496
21300
39964
16380
10909
37310
40992
30927
44850
5961
24267
1488
48690
39409
42868
25515
36179
33510
12650
10576
30000
24186
47386
15683
11482
30944
46713
13093
21150
8693
19200
4247
2024
13566
37853
30223
30093
16059
44805
39534
29075
15852
11591
30238
32782
42033
7284
39584
21709
10437
16047
30291
47320
4577
451
49060
2118
44697
44359
26630
34063
30815
25252
4611
27334
17041
46922
35215
7928
46910
39778
42407
35007
46842
1554
28738
31510
47581
3918
19199
26109
47523
2615
23814
26177
46964
33525
41239
42574
28838
28087
8130
6791
9567
17203
49672
37998
49386
7325
47316
11072
24016
27059
43026
22271
9302
15929
31627
13768
17334
6365
21628
42076
45463
4854
30031
46470
32215
49316
16038
49609
17039
22442
19352
45167
29142
21670
29515
45846
16903
37239
18041
38956
2342
49894
9176
9700
34195
18902
1700
14484
24304
36932
23771
46779
19085
20097
46913
10374
37200
41542
19971
31148
46732
28826
44123
19325
10121
48741
45552
8424
9602
39809
19158
25180
16862
41730
14936
1835
13871
38222
19854
9723
38288
790
17001
23865
47260
33331
48854
33870
26597
31258
40531
11167
22558
42195
10215
38478
32839
20597
34297
24534
24771
31801
42492
11083
34421
31591
11494
31719
24895
932
43826
4243
22437
14734
20270
13528
14700
9836
18239
39887
47760
7837
42598
12906
23363
32688
30102
37316
41853
799
48906
34348
14966
48586
13273
23826
43531
2152
26115
41051
6477
21595
33254
4403
17791
36260
35045
48579
35240
5206
3668
29270
37139
34271
16251
16036
16781
48459
11972
45200
42651
16062
14964
45196
47014
29888
11628
2636
39920
17417
36174
18184
5987
48700
12452
48059
4172
8686
34246
19841
3988
13613
14915
15986
38382
49917
38094
31279
30426
6440
35188
3347
20896
41543
4787
12872
31345
7628
28960
5464
31197
12936
6545
35544
38625
14089
39209
31931
19658
37311
629
38123
28164
7308
47184
29008
42115
12766
38596
41610
40266
49515
29901
32
16498
49450
26684
39410
17743
32283
41361
11569
21537
33245
31672
33698
18596
42289
19637
17314
34877
16319
22357
18041
44423
36783
32968
20237
41020
28838
7305
49585
11939
31954
427
20919
33393
30835
32491
10690
11717
4296
49836
28312
44104
19964
6197
29045
22441
41804
45020
35297
11970
12687
7124
49994
15191
13973
20132
32884
20013
20972
34760
30924
6744
44875
19664
39945
13781
37421
44032
10131
21218
10249
12576
25967
11257
10350
39985
43423
10297
21343
33847
31049
42827
39008
27322
47609
17654
14989
17226
30931
19897
24300
9501
20069
21870
47625
23195
48838
20666
29472
20186
27872
36915
25791
49983
27336
371
49953
26481
3624
26790
23174
42322
9170
29942
17970
1276
46159
13252
13671
43388
46967
16772
19319
24476
1551
21092
28016
25061
21344
36573
36698
48432
13071
14088
40472
32960
28842
17954
7001
4877
15934
10513
21330
47372
31436
47268
38858
30793
3014
43215
25563
45075
46300
31918
16373
18359
39761
38411
24577
3887
6647
3677
41918
22458
18090
35251
24212
28712
18627
7276
30922
8800
49140
4848
21269
48001
27117
9946
9857
38653
19585
37623
13106
36820
5767
28721
16071
21485
37534
35821
49990
43299
17086
36482
34801
19098
45191
1432
9205
4456
45826
46622
48434
20575
23673
29218
48973
14077
12067
21054
30692
14921
30199
23737
21824
13040
44411
46141
16975
16735
39558
48998
1516
9192
7811
42089
26920
28005
25972
31873
3147
34629
3950
33571
24476
1061
37074
28652
2102
33044
21434
35311
32244
18523
37671
21872
41574
4398
48131
4951
37047
6038
36588
7361
34849
10369
33652
5749
37612
30700
39979
42609
12510
49277
4789
44823
28242
18144
30521
29575
48426
9974
42627
21655
4785
11906
42456
37697
22269
29756
34584
45389
48461
28337
1407
26310
37666
19255
416
40874
25555
1236
559
14760
21127
27993
9862
16964
14607
38297
44206
21405
34889
29999
42835
43607
13128
37646
23242
46851
37804
10001
12376
9717
13509
20216
11900
6612
1718
34958
39447
2585
8344
35394
22840
4539
21460
20665
15080
43133
13684
13218
19852
10701
27805
17765
15268
14236
23287
1788
8998
28812
8068
24583
1666
29094
48755
48490
13669
24930
3225
29282
28740
26160
13017
13476
24936
38680
8169
6085
11475
33207
37899
47482
33849
7975
10674
49584
13738
7887
32054
48538
39639
23487
49131
20767
27205
12516
13784
5950
33220
23583
31324
16730
33340
7339
29946
1058
475
24905
27526
26234
6557
23244
23618
20314
4279
28452
42729
19706
15031
45954
5534
42626
42177
25538
30891
1038
18003
47816
42425
21185
2973
9223
16318
11623
37000
607
8385
33988
10207
9189
45552
30789
49957
2555
4009
39072
13751
48486
43316
19207
24359
40472
27189
10320
27475
11299
11445
33986
9920
48625
43821
11902
23925
7169
10641
1964
32607
13374
20058
26453
40980
24456
17378
40757
21041
1866
1692
21730
1867
30834
2242
48165
9459
26716
3047
35355
24709
49971
39223
47351
34419
11124
10365
6561
979
22850
14594
6037
27517
4346
7366
31174
30437
27202
35174
28863
8808
39535
41736
47
20409
31211
30768
16833
8401
21160
43016
35388
23958
40213
43806
46944
6317
31312
32296
49068
37436
12863
8246
14372
33733
8507
9345
14781
43201
5386
48705
6212
47006
26465
18500
40305
6896
16369
14825
16427
12099
47843
43212
19733
21536
46560
30287
43801
38717
34073
33875
37825
17480
49800
8631
21492
27657
24560
43332
9517
37969
48261
2242
49016
25233
41410
3146
12969
11938
938
9368
41591
2235
15586
10609
26002
21137
767
37492
31508
31709
22537
12304
41203
37827
26585
29629
14079
29700
40718
17223
35774
28826
7721
48821
18304
42956
33717
22108
22102
12210
16730
22346
31939
35972
29905
43466
6324
43778
22437
34017
17227
4136
23948
27952
42093
1665
35606
8272
6198
14884
29978
7283
7882
36075
46707
19379
8277
22781
20121
29659
28584
36260
5437
33077
11967
26054
33482
12771
9287
44602
14539
1095
13020
48064
48797
23195
34444
39382
9946
36889
34770
34409
3079
34940
23767
35353
15101
45461
34791
10928
24541
10403
6562
44590
10855
41609
41570
40513
14828
49224
46929
9964
35443
39955
27788
13251
18246
3205
26271
19431
25544
34193
27607
31230
30671
21097
8920
47287
19660
23
4906
16471
46421
36422
43785
20421
13680
48068
40181
38927
4378
3881
49490
26894
9194
9423
31518
10502
15890
25640
10449
42341
27460
25624
38759
12672
16290
22964
4622
14831
18102
9203
26308
8091
47577
48474
38399
44060
9951
13489
29057
9332
44055
18053
49845
21461
705
41730
7686
34119
20392
34356
6724
41192
39219
30874
15216
43281
28722
19583
8183
35471
48687
39979
29777
10071
4613
49430
47186
22372
17832
2685
25002
16741
7394
41084
30574
27912
38337
11039
46514
45314
31935
49706
19077
14721
34264
6753
5804
47956
39538
39259
23760
15813
43575
32409
45979
28342
27634
3712
41815
6893
18363
47451
48001
18079
16493
41960
33280
21550
27501
43711
16465
23374
5445
847
6627
46733
31820
15908
38389
32438
14508
38737
28427
43622
17416
6813
46434
31972
36744
39756
37068
24629
39755
34011
43749
25073
2759
39430
7064
38688
42118
6460
37724
6220
7698
15637
23638
38018
44080
46485
39571
27645
25804
47073
48779
2612
22760
42407
28851
30195
37574
34259
2442
26128
41164
48784
28298
43848
1680
14158
37154
11844
1582
41321
21558
6475
19154
27010
1859
47779
29925
16614
23500
44761
22547
23093
16298
18129
29229
3132
21267
30028
45816
41602
17247
10524
13721
36600
35866
42486
21094
48542
26300
49369
22841
11275
32757
5824
21873
23055
40396
35273
48487
14914
20744
20043
6638
47313
5926
41907
26611
20507
40750
32584
41908
12202
49582
25080
13248
17346
46359
31813
22976
22085
28689
23688
49464
10434
11045
21152
1043
7305
12438
38131
20350
33169
45890
42094
36731
19412
49595
36694
35275
11659
26081
40532
45589
4976
13016
6118
5933
46639
39188
43462
26518
17260
9552
46916
22292
34919
23186
26001
8718
25247
6791
48253
19261
40201
37362
5387
21222
14734
29002
2672
16115
35912
10158
43746
17942
1727
32407
14710
45552
14350
16079
14800
28859
42460
14153
9527
813
19450
15969
1361
40122
31671
28767
27166
36459
36125
37230
12598
27022
12193
33985
38069
26189
41107
37713
25369
48941
17137
46317
23853
17272
28266
24263
23888
15381
20981
35413
23401
5048
45429
8814
21080
46034
16180
35276
37942
8438
6332
33256
46422
31177
35085
20544
6868
39589
14930
47192
22828
47026
46015
42268
36311
14677
30493
17637
37634
3486
30162
40554
28696
32580
38735
28585
4237
11229
1449
36697
29390
36634
42616
3771
22780
31236
46288
9691
4179
44696
23226
4286
47111
18093
37339
16515
47694
1807
46767
39173
32165
28234
46151
8739
25968
14103
43371
29629
20304
35284
45692
44215
19966
21661
15241
37346
33289
26682
9452
35364
44651
38461
20608
444
39950
3471
46669
49444
23484
38498
7843
4653
40229
4169
34719
27112
47866
10564
48008
12754
16305
39421
49730
11753
11877
1932
42559
32438
47753
7831
21744
5839
6170
26447
37617
45936
44915
25391
26710
24988
45640
31090
9077
22498
11992
6282
20394
23275
11626
46351
28204
16515
32747
5946
12095
17072
26307
13146
14853
23016
42416
41484
5345
22263
29604
49270
6162
34332
16893
1336
39725
3991
36511
3876
44742
24454
6258
11043
113
34676
824
305
21421
25215
20071
1812
37229
36920
24565
4547
11297
12352
41712
40689
32650
11913
35075
14311
22626
6354
44772
10136
39303
24521
37616
11595
28881
46292
11632
33248
9755
29170
1988
40768
2541
35231
7882
20425
19099
7063
22875
44763
11823
38673
33979
10969
6535
32614
12658
39551
10174
40186
22111
29797
43154
35912
25483
29355
7627
43824
36337
4290
22173
16136
23966
9265
15692
32162
12343
26495
2725
23482
3841
31485
43231
46375
49454
38740
6473
34068
5960
43483
42913
21007
34559
36896
37688
46019
34860
34188
25833
49605
35807
42152
13168
18517
20992
8878
29353
12978
19199
41047
27939
26492
28517
24711
5399
32143
1561
32193
6836
21070
36782
31726
39954
25480
20047
32611
18821
44830
45803
3612
34573
2728
12325
5844
20127
38500
49011
37439
35572
11361
42004
20555
48447
3142
35015
1832
3093
19853
25224
12336
23053
35242
3436
44837
28429
48400
33316
34339
11684
33341
24302
44638
45821
2930
14057
6465
29965
12170
14520
46688
20991
4781
46794
13343
32458
13548
37430
41970
40174
1021
2964
25001
13502
45179
7623
19034
310
15754
43227
21676
11603
25553
14966
24365
26342
2933
10218
9284
39239
16133
40747
43812
16920
27711
44590
37390
46541
41038
20299
13426
42817
48276
17866
26817
45238
670
27255
27108
24715
18224
12418
31995
16608
39330
683
41060
45385
25917
2739
45613
29434
8446
43447
45187
14612
4621
41785
7496
7554
10415
32016
4358
12016
35188
21455
10968
48502
16809
44623
46859
45548
26096
18665
35144
18772
18658
37362
17137
7110
49872
7825
25880
13246
5669
36356
32634
13158
8330
33962
2339
30733
31379
7165
7301
14984
2492
25432
12089
5479
49973
45456
4417
15843
28570
40325
24307
28711
48388
9355
28968
39125
2690
43442
33005
12384
13790
47507
20835
2867
37276
931
10008
22370
16436
11503
22945
30279
13149
42214
3698
25645
24905
10033
19123
33134
4171
14761
12056
41105
12736
22012
43123
47263
28761
1658
28870
4547
16107
39430
34639
18861
36493
10557
9395
35856
20811
3716
7298
44876
4268
26864
33950
35014
1144
40539
47217
11135
47453
21080
24272
2518
9403
6802
44847
15313
386
24983
224
36877
3828
25396
37155
7840
14714
49949
41175
2306
36938
35755
4844
1297
42523
31223
37453
42256
25300
18511
44932
40373
25347
29469
49025
15575
44753
32149
40147
16386
22619
41726
29817
31400
10036
29767
35157
23601
14669
9463
18799
41752
47905
11426
25457
16856
10506
24122
48497
1372
28294
19651
9436
2788
30142
26894
46575
35487
14875
26360
8193
41058
23130
13638
26594
27599
27376
30184
48067
29642
29090
25456
30377
23826
22138
21365
43605
26141
8723
47402
34729
13494
16122
14218
46700
12515
37249
12753
47795
43209
40558
23816
30367
35927
26752
24563
42205
20112
13992
25744
9262
30817
7120
35574
42745
29643
19681
40867
27008
3334
13068
14232
22130
36155
10270
43230
25184
33914
28297
11817
29031
1562
45479
13530
25294
37184
43712
11294
17912
48888
44605
36920
10214
42024
26337
37687
12963
9875
26954
20741
30708
16102
48396
8556
49979
31895
20723
40000
40129
34772
48189
41162
2313
44314
6361
4283
5619
1406
568
3457
21725
5894
20532
23376
13304
48731
9869
13959
20156
4326
23785
40844
20676
38236
29269
31135
22191
46111
11483
18988
19873
6651
36823
10473
9962
10699
27209
7762
34885
40520
26848
10373
36809
36196
41201
30773
45866
18430
45217
16344
7429
43507
9610
29157
6361
49523
2580
8886
24965
30986
24862
31252
11171
1307
38415
45096
23749
28897
38331
37480
11916
29316
1301
32228
44024
37144
22533
22267
5571
24246
4514
11615
8843
40896
19667
44392
25796
9796
7272
43837
12919
41564
21017
19159
46622
5444
23246
39505
32423
1045
40754
38687
27376
11079
23934
16561
12584
33647
18366
34107
1536
32087
20877
10936
3408
42559
15650
45908
20095
17243
29421
28373
22119
2651
17880
49151
49791
43037
30021
43215
5258
21818
36128
2056
8562
40905
699
48145
37594
1259
19838
24947
13083
30809
24904
25453
2358
45566
44033
17713
45669
24585
21996
24038
33592
27820
26685
46352
22421
8673
22691
47128
17143
36200
12642
32035
18457
17476
5459
29482
44027
5557
43661
20880
33344
7439
1507
8423
49942
7015
15922
4876
11606
24470
4257
10092
37480
15528
5726
4942
632
47389
881
48267
22356
40465
4612
10239
38191
41033
30196
41353
21685
43577
6935
40145
7993
3680
46147
9090
13075
48894
5318
12161
6009
47071
6002
251
28375
44931
15274
13776
3276
46987
5204
25355
20998
40989
34690
12624
31198
12930
46415
32460
39679
46286
12193
30750
18878
47943
44312
38784
4015
29000
12119
33265
413
5213
11524
12957
17253
9430
35520
37711
12408
45873
8127
46063
49916
4966
12333
12258
21063
49563
14923
10644
25864
41634
38817
19445
39423
27019
33204
41982
18704
14303
27952
16446
22594
48198
15779
34770
457
42915
44795
16493
18445
49433
10568
4237
4038
4114
32369
22559
48032
3958
40622
49522
28186
5239
44173
46930
29224
786
48776
44204
5782
20866
38544
23689
45749
44635
39682
44446
4317
37303
17199
47654
20910
29542
23469
48640
31486
24277
32748
19676
32052
20543
35777
48822
12470
14949
38484
11177
2798
45276
23127
26852
30470
30254
21257
26426
30384
30434
29633
10006
9311
48356
49188
25268
27498
1604
9137
20756
24999
41431
9790
26176
23967
914
28467
43369
11323
9898
38858
12052
14220
6215
1074
25643
30951
9823
17753
22106
12960
1420
32592
25705
10375
19891
36000
18197
14925
12448
31885
39768
47430
32711
28367
28515
10474
31938
43633
3916
23158
6947
4384
21186
46269
31241
39833
18960
9271
15410
33997
32389
14182
27285
32145
849
20185
41386
10394
22189
41317
20356
44830
40532
28114
40083
7985
39263
8482
34710
18474
22354
47497
24468
45122
8397
24219
37049
31032
4136
1160
29299
24248
27328
16129
13726
21377
45107
15298
20482
41541
31207
18384
36372
22331
37828
21696
45765
12738
8331
21091
41463
37504
15002
46406
38852
39936
15533
16324
32020
36916
30785
1271
20542
33486
6264
25175
49164
9722
40868
21079
5328
34683
32174
30322
39491
47698
17433
4386
29457
25531
12660
18101
46655
9377
23840
3868
31047
16160
14636
41488
200
21444
23341
40675
31624
36823
9576
17875
20973
31765
20589
39634
35147
13111
42325
12333
39163
39654
7888
19373
48065
3969
48201
12775
34308
33038
18511
16267
24642
27721
45917
715
19541
17104
13385
9441
19405
1656
1888
42705
42204
49962
27618
5158
24158
30470
9674
29273
41018
25036
36389
10287
38918
29107
49706
20584
7061
17927
29880
18084
12961
46287
39750
29709
18662
10675
38435
8423
21155
1111
8120
3435
21399
36213
31267
24171
9289
20661
47218
24577
36053
1668
41214
28459
42357
21226
25921
11665
21404
40178
49842
2263
42180
18540
21234
37068
49577
37259
2580
33535
3660
47367
47007
46770
8642
32550
4186
4449
9169
9933
6701
34260
10707
46783
15401
6020
49457
23613
23401
22161
5318
27042
22516
49207
4559
32273
26251
35724
4073
34385
27286
42062
25951
45520
10157
35920
5863
13582
29392
10424
7552
49988
17088
14902
15680
3703
42254
44795
36548
1587
3439
42133
45697
14779
31371
2778
2764
14352
49710
15247
10002
9022
32806
20936
21164
25396
49542
41571
43926
25939
1261
33439
18981
32258
1540
43885
46841
45686
27193
36046
4453
2629
13115
38644
2359
13686
15040
38190
32208
468
22897
45994
5283
38114
24124
33367
10759
26029
13944
9978
35142
481
41135
48775
40815
18442
17409
36455
24530
33481
25455
10476
13211
49425
39820
16795
21920
12830
21434
17061
25731
7809
42628
18702
29599
1888
29199
39542
42690
44030
33541
26587
13408
12113
7385
2730
25392
6994
48681
13473
13116
49791
37369
48215
48973
19569
45203
44184
14047
38879
19881
23654
30394
3563
42456
41033
15060
37148
16536
14208
33495
1560
20309
810
14183
11856
21884
13523
32741
47182
25465
47183
21453
30007
25608
39440
49404
10830
32222
31468
36754
39107
18700
43714
16286
5090
40394
7029
17
2044
40584
3278
734
17972
0
19886
29167
24996
47759
37231
10452
6372
3508
24120
14110
42321
12503
27732
48617
24433
4987
18348
27360
42836
1467
19494
2293
7869
19795
9295
17217
29945
13412
7885
41727
48775
44684
1990
31228
11441
940
7378
5642
47501
15388
29834
37996
45542
36532
17900
17699
1478
46063
36911
31439
4147
47935
45337
10046
14121
4270
26053
44434
24734
1959
2435
32599
28343
30520
27028
11470
869
37798
2885
43031
4129
18404
46524
18452
47111
31402
13284
17516
1599
43990
17823
12325
15389
45198
29359
127
42610
2891
36910
28530
36630
46068
32016
15172
46895
48662
3099
18777
23857
5794
39193
24071
29901
30964
35690
10741
24462
43162
24331
47592
36111
35439
9548
21018
48181
41898
22727
26673
11400
38024
26331
24386
30637
22769
19165
9675
44083
49260
32408
44283
35538
26727
23614
28292
5665
39462
16593
9020
21810
23505
42301
30576
29541
49394
35337
44586
10766
2802
22508
33184
40964
9506
39242
22390
35403
41464
48810
10448
37597
9143
13488
45430
25975
5357
27458
7332
32858
35651
2751
34050
6803
37713
264
16693
36074
43557
10793
48477
14862
44827
46514
21947
32058
7662
21331
47962
24466
35943
25884
34283
43050
25742
14357
37815
23011
49140
26738
45075
49254
6974
14798
41973
42198
29730
10204
45478
49369
12342
46937
39
33063
7064
32453
9460
4732
45543
20090
15848
49532
26615
19848
13713
35518
41828
6329
12517
1540
1062
2038
19384
7934
13571
12170
44596
4675
4392
16609
29661
7795
27650
23430
43357
26411
692
45732
39161
19674
22489
25411
24570
13660
19908
28083
40583
38645
31355
41629
40291
38884
2744
44506
32200
2065
32767
20947
23035
2034
16762
45916
31037
25149
49343
35325
6422
27702
45127
38477
40647
23006
44882
32132
1790
24901
2534
31945
49745
5690
31121
16525
35634
6032
5437
16081
47466
46898
41372
6160
29798
24893
49089
22110
15818
39558
30754
2250
21159
20303
36216
46139
29569
14192
40220
26909
6222
674
44815
8413
38890
44252
1850
33180
29126
4528
32903
11877
30354
18005
45687
37031
25439
35105
42841
47469
3192
16593
38381
7711
45758
33864
32184
11397
29604
19227
10665
2609
19024
39395
21719
27966
7187
45010
10144
5034
13049
31597
31866
16321
373
25382
48793
42852
11575
24688
2875
19810
11971
14642
22286
44763
38244
32332
14990
46781
29141
45926
7608
6654
10776
9122
8650
48519
39662
36881
1551
28711
32515
24030
45804
28178
1345
46426
34417
45469
24136
41604
35617
6968
27434
31041
2197
18278
28592
36522
46009
27672
4386
4271
5717
17221
43561
23438
31105
26301
33234
15940
9012
7930
1580
10616
5660
37383
12241
43557
12878
29235
43244
35777
24465
36527
17236
31318
4379
43008
12157
38149
27083
7592
36678
2605
15220
13267
9659
19683
8730
48931
45971
25605
733
24370
3931
33436
797
7389
34377
43641
17425
38376
34768
580
19879
8982
20940
15969
31482
13995
12364
43518
31113
31344
31374
14032
6491
11299
25418
36243
41510
41093
35481
4647
9575
43717
8320
33414
9529
49841
4456
31305
33645
4757
37103
10795
16191
41087
49375
27099
41000
23705
14768
17201
26633
3910
49307
28303
2812
21003
25862
1813
12622
44017
47611
24489
25609
29479
39743
14727
49060
8344
31415
40297
33393
26642
42338
49507
41637
10307
15816
39254
34161
18849
32580
4918
28360
39309
2025
27349
4347
36810
5560
46168
9539
42034
2618
24216
18178
25773
18404
30441
42609
22379
19889
35080
39668
21436
20194
30796
33517
31967
25303
49638
45118
38637
45563
36712
44707
39662
39278
43319
37616
8995
30757
22090
5962
45313
32091
22440
34913
33881
40394
41377
4124
16488
41230
17577
17776
18936
38956
33653
14931
20516
21244
15690
37094
12534
22840
20076
12572
21954
33926
44308
26970
18253
17295
39174
27777
43888
43195
12343
40177
9127
45110
19334
12449
45030
44956
23690
46702
35571
36235
21046
13399
30322
38125
34086
11364
7681
47486
47365
19101
41850
16189
13482
39199
41513
22110
11998
42433
32568
24575
16097
25665
31741
46992
17743
37236
30086
35219
22373
9590
16693
39713
4721
16550
8154
24678
36089
25760
214
4361
12381
16699
32443
29803
36087
38245
18159
33496
37188
27557
13054
17412
3341
28030
41163
32083
39011
7083
31219
28650
25354
20522
7827
9157
11868
8055
23680
49815
3571
2689
4605
18176
7042
35945
35076
17590
8350
6284
48694
45005
27739
13427
2617
43273
37130
3924
645
7302
22125
40918
47157
18164
18624
28167
15773
15105
14446
40521
39561
37395
49265
17480
36216
23170
15490
9942
1504
36287
38280
20756
49961
14409
11261
25118
13313
35501
40389
1142
10511
5975
37436
48526
40247
17676
31867
8163
6270
16134
26633
14481
15861
30114
39951
10855
11373
14440
18315
7037
207
15648
43985
20217
28520
37987
39303
25342
29239
13984
15216
6577
5373
26773
46689
29106
29001
9855
48441
25196
40308
49197
24914
1509
35472
17807
13443
44126
32212
28616
34336
22432
21107
1357
32704
33263
40346
25421
28979
39751
13465
24442
9470
46101
5069
39384
45805
44779
24750
11035
26476
13574
14282
20592
23151
26548
17966
16303
46853
19049
15131
24867
39350
30783
1590
44989
36917
15995
42301
45716
4239
29638
46731
1433
25484
37464
22621
23561
24967
1343
32175
28592
47459
29184
27796
5862
28662
16706
22821
14978
17637
24025
17030
31360
10361
11045
14361
38370
42271
33893
39262
34795
12826
2378
24998
23892
3144
49853
14980
5896
46340
10404
6054
40334
45568
36229
3281
16409
5194
34423
16721
29694
9766
19212
9282
28566
18252
12191
15013
26834
20420
10920
34112
4376
15192
6047
40694
3417
37526
42901
48568
11530
18890
35909
30818
27739
11005
15482
1126
12804
39494
46696
5049
4415
6652
17632
11713
34993
8135
30312
36270
49863
24178
47396
11725
10008
34973
12242
16098
573
21330
11258
17847
33636
1357
32827
33063
3725
25808
8844
10944
3168
30740
10217
8669
15854
39909
24064
37608
18302
30304
16108
29815
11478
46544
7200
46755
16267
10622
41951
39715
49447
2770
4395
24734
8906
37
18822
30197
34661
32109
44402
49431
25887
36065
35485
47594
26469
34409
30580
42424
34056
23195
39683
37845
47078
49108
26555
49258
16477
34306
26717
10937
32974
32750
8273
2386
13558
4811
39308
24084
19558
7571
39609
27027
25072
24637
19629
24485
1564
20614
31930
13022
49172
1051
14127
28543
41841
49174
9644
29487
38694
49725
49101
9164
42537
19790
25975
16023
9326
1073
14881
28772
16575
31901
26164
30562
46719
30487
24351
13414
30362
8546
27249
3365
16080
9537
41944
6637
19360
24512
3481
22973
30480
25333
42823
28402
5119
39206
19264
23250
33591
36150
31267
2655
31421
4440
23100
21722
12679
20338
33208
10875
724
6638
9564
48780
46602
36804
17669
3924
1617
33391
14332
41331
34150
24331
1582
29383
26438
21891
40168
30165
22736
40748
21400
18672
24115
3336
33881
38379
8080
28730
49708
31949
28403
33683
2369
43667
35913
47753
49082
37116
33157
4409
10048
24767
21636
43294
46810
28826
47936
47352
41628
17505
9434
9319
49945
12866
6107
40427
25158
18072
25847
14433
2745
2884
19851
793
8712
12746
27418
37309
12691
27367
9938
27978
35851
37236
16721
13802
37
4340
10708
2455
17400
47660
31631
4331
14358
30690
10853
44080
32340
7486
5240
43870
30120
22461
40422
47705
24387
30731
16913
37817
36606
35908
48635
21666
41387
43577
21399
34518
10197
43761
44692
46960
38651
34081
44734
18282
38918
16075
14824
1456
28434
31679
17838
21505
33347
19698
32694
47466
26523
3361
38777
19683
16884
6979
9697
36373
14655
14349
16301
30431
10043
6461
45703
35534
33150
23789
27043
48662
26204
27478
37130
21706
19600
5316
15892
10646
40832
31534
43442
4346
20575
3729
28549
26602
28322
10095
27146
31009
2005
21874
24273
7748
20185
15445
31884
32234
25974
38562
14026
26562
28187
15408
18773
15940
40014
10806
22027
10432
39189
21439
38892
24697
5431
6596
5380
5394
