8351
2380
8216
7489
274
6982
3991
9536
8888
6259
8816
286
1251
2800
2287
636
1949
6311
7405
65
2167
3570
2446
161
8313
1524
1634
4041
4802
3978
5963
1612
4514
5099
4784
9901
2662
139
8454
3642
8536
5796
9216
1252
5805
9216
7414
7853
6149
2713
5545
3941
2044
2942
4013
2255
8442
3679
5520
6708
4273
2033
2613
4998
9874
1002
5826
6644
7820
7419
2632
1246
435
5254
41
6645
6951
9939
4594
2882
937
2109
4228
6941
8734
4747
3669
8594
4788
4096
945
451
7923
5030
8556
3590
5380
2629
3918
7319
2936
5199
2404
9204
2602
7723
3595
4599
1914
4939
6414
8419
2877
6813
9612
654
9383
1597
5234
5510
2130
8693
1968
6337
3342
638
1712
3235
4402
1118
2425
9136
1032
2473
5290
5890
163
8606
9385
585
9208
3111
6020
753
6473
1071
5944
2214
9561
320
9551
1157
1655
4943
1274
2105
5712
9166
6473
1172
9498
6295
8874
5646
544
3789
9151
6599
6274
3355
6769
2940
5326
1945
2362
7425
2002
2513
4763
868
9751
6501
3943
2674
6318
8994
4927
2489
3136
8157
2665
8840
4177
5716
5860
8277
8212
347
2145
7131
822
5636
265
6225
9753
8087
8625
1383
8934
7705
9072
7803
1281
5588
8500
8446
6816
3603
921
8514
3907
1084
1872
8968
9157
5617
8542
221
6427
616
2752
7266
1425
5100
5799
7230
1100
8681
9565
2031
7300
7628
4390
6739
1089
2684
9205
2575
662
2672
8407
4226
3771
6477
73
6396
5967
7162
2261
5867
4350
9525
3119
6356
9352
7686
1432
6747
2724
1321
3028
9066
1945
5666
9974
6884
6165
8780
7740
4375
2593
6884
9880
4673
9076
6393
3768
1750
4531
6734
4439
2676
6941
8181
5838
5293
4339
9487
1116
1107
5047
9015
4191
7073
1483
4436
4495
1532
3448
6778
4142
2201
6867
2345
899
4041
6411
9096
2416
7988
7440
3930
6485
2697
1468
7852
8251
8346
7713
6159
4505
9296
4112
312
5912
1168
5209
8980
5758
6611
1276
4142
7573
524
4422
1315
4051
414
4787
9046
2897
5356
1469
336
2886
6030
2348
3208
2606
5565
9768
3845
3622
8016
1260
65
7462
9534
9624
6746
6948
4024
4789
875
2490
77
200
1562
8234
4890
9289
329
9826
813
7365
7155
3651
6895
1588
3756
483
6328
5176
3664
1054
8926
1328
3605
4110
6110
8130
9402
2398
7021
6372
9939
1344
7793
6184
3820
3514
8984
9125
8599
3970
2323
1133
157
5671
771
5069
3869
5863
1968
2771
2656
7497
1799
8505
1215
5567
525
1302
3126
4145
5876
3890
2630
4871
5518
2590
380
8885
5607
1501
4165
3228
8419
408
790
1884
8150
72
6462
5130
8444
132
5543
7041
6612
2013
2526
3564
3993
6975
5897
4096
66
2969
8241
4540
389
8744
5145
1110
4741
8647
3437
2308
71
323
7475
7357
5920
1987
800
656
7878
2704
1201
4858
1285
9882
1338
6424
7100
1209
8122
8981
4364
5731
9437
468
3382
1160
3574
3203
9215
1355
8424
8200
1936
5771
5476
4232
1300
1550
2681
9434
7116
8008
4959
7116
1373
2888
2050
7656
1899
2940
9483
9715
664
8017
4698
6656
398
2393
3394
6013
7487
3438
5053
7448
5406
8483
2130
1273
4173
5839
7482
6852
7623
3101
8614
508
6863
7056
7367
4863
1843
6868
8852
9459
5454
879
3628
9367
6929
3995
5901
5213
6645
2571
483
8163
3596
5578
32
3881
8925
2058
5975
42
1405
8602
6652
3209
9899
6784
5
2192
3636
8146
5202
6499
7552
1723
6611
7760
2996
4799
6924
2689
7796
7650
4155
8906
7767
8141
3795
650
3439
245
8889
2555
1372
6591
8630
7557
9645
5750
1887
7386
8167
9069
1133
9070
9420
6377
4568
1878
1384
1407
6191
4497
5248
1787
522
2133
2735
6434
4978
6621
1757
7095
1372
3362
1737
6312
6349
9335
391
3560
2709
8991
3633
5052
3754
9163
4225
8054
1419
9889
1160
746
2381
5532
2323
6910
8503
8020
7904
2215
9810
1966
8225
7557
4760
62
8903
9317
3124
6642
5736
6407
7845
8984
1489
3638
361
1154
9803
9092
1219
7764
7334
3991
3179
4765
9449
2961
6725
9629
1925
4503
5761
2126
3766
5057
7831
2388
3353
5794
1601
6850
4585
4269
8648
5214
4095
9466
7251
5139
3281
5715
1959
3813
8764
268
5890
8480
8878
9343
4817
1674
7746
7966
8819
9373
3694
1165
5759
8922
7142
9729
7948
1097
4383
8688
352
2926
3384
1123
5448
1731
3236
7731
5069
6837
6141
7738
3603
5337
5421
7544
3583
6925
2745
4941
4863
1602
8016
3987
2460
9279
6536
4176
9015
2962
7231
9145
8723
4057
1787
8265
5470
6375
5360
7452
8872
3073
3756
5577
7322
8795
7840
4798
552
501
592
5456
9667
7507
9065
3290
9728
6520
4059
4938
4694
6065
4182
6596
5045
2926
293
2379
6794
6048
337
4403
1093
5855
3630
9841
4571
7934
8412
8720
2730
4620
5632
6146
1323
8336
3729
8611
2448
8363
4295
2234
5217
5367
2884
561
8890
9817
9775
7599
9026
629
8001
1489
5377
198
1490
7455
2928
1965
7397
7459
3990
3903
5691
7068
6022
2431
3138
7806
9558
184
8981
7651
8988
5417
5011
9654
2879
334
7689
4432
596
5982
5020
6348
4895
6292
1513
8970
692
7468
5467
2814
9740
1941
771
9588
4820
4078
9484
3467
3650
7362
8364
7733
3860
5303
4409
6729
183
9417
7158
692
7577
6372
10
4049
4812
9662
8409
8027
6861
6339
8446
925
1245
7846
7960
6404
9965
1146
638
1472
7224
5250
5462
7443
9518
8835
8911
3778
2641
730
3129
9120
6599
3181
8717
3980
4175
6870
7245
1855
2314
35
8495
1124
6609
7424
4363
4458
7619
397
3145
8785
4981
4888
8551
4602
8530
4725
5538
1163
1259
7738
6114
5095
770
8562
1669
1020
660
6066
2647
8887
2183
7253
9225
4852
1793
4030
5191
8555
5896
1433
9127
2430
9191
2098
7486
4155
8244
8014
4286
8358
4947
422
861
1950
389
350
8955
6085
5146
3305
5788
4446
803
3615
5567
8653
3950
7443
8259
5139
7610
2738
8462
3240
837
2633
2778
4656
3721
4305
7539
490
5157
7708
6089
4545
6244
4249
9342
1599
4283
7787
9131
9176
5487
5227
7211
9377
9601
4361
2599
1822
1338
1796
8340
7471
2991
999
6427
9045
3202
5193
2029
7320
2316
3853
4651
7409
141
183
7263
4249
15
7554
9978
5991
3087
849
4045
8623
4611
6621
9080
3824
5288
1274
5044
3653
8481
7351
734
2835
354
1046
8607
88
7958
2859
745
2136
678
2207
3439
3184
7485
2017
4894
5540
9570
5238
6429
5032
8073
7175
6242
5393
9831
7152
2221
5181
616
8580
2884
783
7045
6805
1884
3676
6498
4407
3382
1656
1821
7976
3260
787
3269
535
9528
5729
9002
2020
5349
4739
6533
9869
7148
5729
7502
827
1031
1960
352
7539
8722
4493
2629
485
2547
4497
3236
5819
6503
8242
109
7787
3641
3939
9177
7171
1320
9601
2023
8859
416
2875
4979
1731
7912
663
7772
655
8722
5061
8374
370
8926
2822
4429
3997
8435
1719
5464
9609
3806
543
4159
5055
2069
598
8147
6503
6386
3521
8078
8570
8416
7393
4219
6279
2907
881
8096
8851
5744
5898
6390
7994
7688
3147
1099
4371
4628
1242
5707
1963
2165
8755
4194
3247
1702
5539
5211
6363
5486
2115
7794
7425
4102
7347
2103
3884
6123
8993
3656
2646
4793
3884
4709
7604
1775
1554
3650
9252
7223
7497
4676
5947
8062
1931
3629
1761
3943
5810
4040
9753
7549
7790
8883
4400
4969
3503
1479
6121
4893
3515
3860
736
9810
7329
5095
596
9179
2423
6330
215
8592
7088
473
2154
5955
755
8251
5971
9597
9236
3401
1519
1013
2458
7521
3336
9405
6069
15
7949
6561
9618
5213
741
4477
9382
2787
1901
7927
3611
6872
3018
5340
3393
2928
7846
2078
9043
5023
7486
8427
304
8002
6675
4767
8494
2209
1140
3810
3551
9383
532
2197
9729
795
6450
9887
5736
3096
2979
8241
8003
487
457
3881
7178
9767
7897
6728
3540
3937
8308
7712
9372
9247
233
65
4374
533
1487
3891
5292
8475
5264
1490
2651
1096
8028
1397
6320
581
2820
6633
3313
9435
4281
9394
7661
85
9238
7444
1930
1535
2166
3810
3922
2259
4311
4461
6339
1293
3972
3455
3758
9322
9469
6421
1276
799
6187
3015
4308
2208
1006
8898
7353
8203
6392
3876
3635
9760
8369
7157
9443
4640
7490
4132
9589
7952
7016
3224
8715
7536
7853
2830
2362
9821
9217
653
6382
81
4694
3099
603
4991
3592
5305
4849
742
3577
1089
9032
8611
3485
6374
7158
4581
752
606
2593
2049
1244
4991
5292
6816
2749
787
53
1053
1964
8735
4963
7913
8376
7934
8635
1262
7459
8985
310
1139
864
5475
3199
1327
7236
8812
9224
9570
2802
95
1327
4202
5269
9131
6841
2367
6006
1923
492
3705
6178
421
4246
5701
2678
4574
653
6792
6985
3183
328
4486
9235
4130
3602
2397
8389
8927
5808
8771
7275
1348
7118
7719
4957
6709
4607
1682
915
9930
6344
7876
9200
7979
1334
17
8668
9757
4824
7137
3632
4671
1473
1835
1369
8647
3592
8472
3299
8451
8940
6019
3661
4318
8522
3943
5043
5938
6508
4623
2616
6531
2391
3170
7940
5820
1019
3946
3502
3752
1066
6067
3190
9653
7575
9235
2438
4039
8830
6165
784
5419
9839
1363
5283
6508
7654
7987
2697
9014
1043
7002
6515
2129
182
9804
3042
9162
8660
8223
2143
8803
3515
5282
709
578
9523
7457
3734
2097
3219
1195
8326
573
4946
2990
9262
4042
7482
249
6917
4047
9230
7441
2590
4289
5119
9530
2195
1621
2782
9940
7930
8350
1481
1932
4529
1292
1746
8670
5822
505
5150
1302
3550
6214
4166
9688
6629
1199
1318
1628
9764
5517
1912
9154
7121
5142
4702
4352
3388
166
5163
2742
4243
2979
2956
3880
2569
8996
4723
1321
7044
6530
2642
437
8444
3998
5481
23
5231
2669
9870
6828
4929
1034
659
7035
1015
9678
9285
1594
2930
2959
5468
4485
5712
470
3904
4247
6967
8557
7596
7724
4020
5485
455
4641
2176
3885
900
4361
5107
3392
9860
6819
4911
5042
5573
5879
1794
3678
6954
2213
4149
6002
8713
9106
4213
9666
5974
6900
7823
4538
7981
9126
4614
9472
7105
3872
7434
7207
4424
8917
7943
3484
9024
7974
2921
8585
2771
9174
8319
1480
7947
7638
4845
2096
8619
8357
2390
3253
4622
2918
3718
8813
7495
3652
4084
4765
6707
8035
7002
5062
758
8245
4830
7786
4615
8127
585
893
6635
7189
4907
610
8478
3428
1035
8560
130
3495
6564
2791
5312
5385
8009
1965
9655
9481
275
208
2708
8877
5002
3845
5088
5799
9843
1059
978
7782
807
296
8660
1371
9956
70
6796
697
8277
3845
3484
9993
1017
6590
9338
3170
1866
9939
3488
4285
1897
5453
2800
8415
903
2590
9642
4854
1880
3368
4055
59
5956
8173
737
7288
6146
4022
4946
3244
9270
2123
903
2465
378
1202
1987
2274
5950
4068
526
5468
5689
1599
9601
1576
3817
4385
111
5393
945
46
2819
4840
6474
4918
497
6537
7813
4186
7005
7320
4025
1899
2546
6052
6439
7282
5798
507
306
5453
3674
4621
4401
9017
2268
6835
5911
5914
974
4114
729
6
4027
4373
3720
1949
501
2149
2467
5106
5597
5171
6874
6038
9399
2646
616
3857
6601
5483
5648
3034
2237
3432
9939
3052
231
4270
544
5659
3192
414
5394
2982
3572
7642
2618
8368
5875
8874
2028
6689
858
9286
7165
3329
6377
3037
1786
2317
4337
9051
4566
9377
5284
3508
264
2862
9610
5238
7087
1160
7847
4871
4752
9717
1604
6864
8278
1283
9213
7061
8814
6590
9058
6604
8897
3922
6148
3604
6981
6650
2153
290
965
92
5676
9959
2264
9956
8779
9053
8614
6629
629
2050
6546
7343
2871
2463
8703
6637
2687
8325
2719
5221
9528
1858
4139
2662
626
8275
3149
7382
9489
4330
3031
9287
3866
4616
2257
1187
8429
2808
9252
7138
6910
3382
1416
5923
7701
6275
4181
6998
2052
6655
2363
3602
2073
4018
7485
7329
4749
255
4893
7883
9231
7254
8260
8206
4387
3239
759
453
6772
7532
3142
9441
6060
775
604
5269
4625
266
5855
4045
977
9263
3974
4092
9855
2941
489
3361
7728
2887
6951
1203
2176
4167
5392
2541
5587
4936
5392
9914
6147
438
2303
9403
8962
9487
6387
7058
7909
1647
6842
4965
1232
777
5890
3250
423
3725
7631
6207
2635
5368
9076
9023
10
9001
1625
3749
9131
8940
5523
5851
6252
3890
9523
7655
6022
1980
5884
8136
247
2441
7951
3903
7564
3613
3433
7078
2991
9731
388
4906
4131
6862
4578
8864
676
4690
5947
9485
7969
5708
6858
7508
8507
2284
5626
3569
1658
7292
4211
5087
4408
3134
5246
7798
138
6188
2543
8675
9541
1107
3492
7780
1646
2897
7054
3917
7425
4369
731
8106
6410
4135
973
7234
1741
2695
851
6436
9911
2678
1943
9986
517
1606
8938
8639
4272
1098
4777
6829
3405
8592
2562
7124
5619
80
233
4730
5643
6431
3889
6548
889
1873
9425
1291
5998
980
7958
9885
1415
5286
8166
464
2421
2134
9691
2386
3566
39
4516
4090
7718
3392
8528
9433
595
8753
9402
175
2341
3937
5401
7847
5595
9205
9873
9255
4344
6133
841
4170
807
3270
8208
4611
7815
4784
408
475
485
4765
8646
7069
1096
9295
4780
1780
4808
4999
1332
7134
5855
5216
7156
7245
8686
1507
7623
6704
8758
1923
6589
4418
4627
1647
7695
5719
6466
7061
6870
169
1742
2272
2384
2647
9319
9346
9056
2064
3125
4274
6375
20
4848
1687
7522
1428
44
569
4622
8264
4079
59
8473
9871
7609
9341
5553
6994
277
5459
5503
9633
7960
3265
8097
9280
4297
1659
8439
3044
2201
9264
7123
987
3887
9798
7654
9863
1428
6679
8145
3838
1313
6685
2953
926
4528
8323
5283
7253
2922
5446
898
1196
3248
5535
2260
260
2084
635
7615
5109
8430
5217
739
823
6652
6891
7728
1925
7059
7432
5140
8571
7976
9364
1572
4969
7934
7528
9755
353
2377
380
1841
435
525
4682
6215
7769
6842
2699
9022
2852
2906
4145
2803
3025
9447
5917
8851
6328
739
2677
2114
2121
9535
4261
8097
4705
3072
8430
5573
4269
6609
462
5478
6584
8483
5626
8998
5687
5589
6952
4016
3475
7287
2708
9755
1999
6042
7332
8389
4897
5798
4837
9290
2363
7390
707
2162
2887
7385
9723
9412
398
8245
4872
221
3191
5414
7326
1468
93
435
1695
8671
7099
3529
9450
1281
7028
6788
9848
8268
3368
1172
4653
211
8864
1192
1296
562
5905
4603
9483
129
4936
1876
145
5543
5481
5875
2415
27
3429
1438
8412
8234
8753
6423
6482
6283
6610
5287
9990
8884
155
3670
6769
9262
164
9752
7356
5052
6155
8522
4996
8057
9713
6412
5880
6304
3793
5802
2662
7496
9581
9505
1397
6938
2377
6100
3750
1227
976
1537
9013
7158
6238
6147
6071
6024
5295
7235
6460
8581
1970
114
4209
8345
7274
1691
4731
8583
7205
2253
2886
2255
1268
2717
1896
9334
9461
9052
2439
1059
6206
5791
28
993
6583
5356
7294
1872
1703
4757
2983
9517
1295
4395
8315
4073
5679
4052
6288
5972
6968
5334
4400
8866
8224
7205
5517
8822
1465
522
549
7489
7403
7865
3646
9881
9944
2627
4634
2182
5131
7589
1877
2532
5291
6147
61
5944
1361
1546
3360
458
8077
586
2175
6040
7429
586
7270
6013
4647
714
3632
8388
2232
2588
3491
3378
4267
7075
2143
5226
7869
4416
270
8068
8686
6702
119
6575
8761
3359
3286
8939
8336
6837
4492
1515
1977
6074
3050
9699
3370
9749
1212
2526
8162
5107
9578
1113
3795
5268
9403
8700
287
9468
1806
9249
1599
7462
3419
7232
7988
4667
6104
9997
9672
5770
2380
9622
5774
4620
2952
6009
3589
6464
3174
497
9978
8656
133
1903
8379
2119
9100
2061
1051
7340
4743
4410
8154
4282
3035
4974
4917
7132
4716
6180
550
6577
6975
8308
7667
9823
8138
139
5612
1299
445
8173
2550
7117
9047
8160
5281
5237
6610
8236
137
8487
5109
9714
5086
382
2953
3330
8725
5554
8051
8650
1191
4912
6573
4704
3166
5453
1955
1314
4452
2156
3659
1867
5671
2021
8093
7828
9055
8515
7014
4126
5498
1139
7627
9081
7837
6626
9274
7945
7006
5811
7437
5051
3378
4088
1186
8554
1939
2157
5109
7387
5373
4472
337
5145
5392
23
641
6906
673
4772
6055
1633
8719
7612
7404
5178
2610
2598
951
444
5715
5489
6051
2155
1490
2466
8267
7907
1238
9995
9933
3640
6897
609
7785
115
1839
2113
5808
8944
6874
3411
4963
6023
1399
3155
2182
5161
6357
5564
4852
572
1481
8304
1474
8158
9362
8602
7943
1659
3034
7472
113
5847
2087
662
9551
513
5932
9894
4825
6959
8906
6667
7662
4353
3821
4710
1045
3526
5257
734
7989
4274
1248
63
7456
2151
6808
8404
5637
348
9289
685
1774
5209
2639
1251
9416
8209
5329
9520
5193
4852
5431
8283
2382
9981
5127
6189
4946
1212
3163
5372
9485
3284
3603
9598
5607
8860
8544
6544
5744
4460
1035
3439
4173
8147
7102
156
4756
1397
9886
6916
3084
173
3382
5931
9141
3132
7254
1506
749
2580
7397
3243
4979
7772
3791
672
4568
6232
8562
8550
2628
1931
3054
5380
7701
6115
6136
9921
3662
6236
6280
1630
7241
6311
3763
2367
570
7547
4030
1809
7252
3557
4168
5962
6847
3209
3578
1338
467
5707
7381
1973
4165
7343
5239
9504
5232
796
4688
2644
7780
933
3198
6121
3584
7694
1118
4745
850
31
4774
3418
2471
3338
2676
3985
1846
6646
440
8491
2931
2523
4595
6334
8536
2672
2644
873
1698
1272
6726
8991
8910
1404
3503
2960
5764
1345
2551
6402
6852
7676
3414
5795
4488
7055
5779
8237
8576
9683
6231
7009
7070
1105
1069
3211
446
4697
3650
368
174
7290
4794
2534
8960
362
1685
7930
1433
3623
5491
7560
6923
848
5213
2860
6976
961
2013
645
9974
2857
5675
1986
4063
4968
9520
6553
10000
746
2710
6777
6442
3403
9301
4672
985
7228
653
6021
9107
8305
7712
8174
9259
6386
939
7097
315
4089
1627
1721
7901
1747
7761
9101
6150
5574
7139
448
8266
741
3650
6675
4340
8183
6578
3121
4452
6182
8924
3029
5430
7236
5978
2798
5930
3405
4923
3446
1366
4432
3793
8749
3421
9172
2176
9986
4859
2028
359
149
5701
5407
6536
7210
8897
4803
2722
2422
4749
4193
5558
7916
8610
9001
270
259
608
7919
8850
1736
9969
4876
802
6998
1721
2140
2480
751
8054
4937
5228
4609
3035
1593
4108
8117
7795
1139
6416
2860
7133
6551
6199
2512
9905
1501
6567
6479
8389
1339
2598
4636
8377
7465
8189
2061
7341
6721
2547
3914
706
3147
7484
8135
3702
7247
1109
2937
2455
1252
9034
9888
700
647
4825
4813
9020
149
9479
368
1132
9514
52
7060
4388
8743
7735
5124
5196
3783
3427
9370
2090
1234
2022
310
3072
6924
1218
8018
3217
9526
3554
4444
2075
3477
2362
3065
8449
542
876
9828
8486
2862
4639
123
6898
1997
8460
2331
7881
6738
5774
3625
7629
6825
1531
4433
4927
5477
9700
1062
2260
6397
1409
9501
7429
4077
8643
1623
9300
6916
1350
4087
5332
1462
6851
4357
6083
5516
2838
8395
549
6775
9636
7249
1291
3456
512
4722
2915
528
8758
5704
783
2623
3303
1412
1908
640
3286
9966
2226
717
199
6646
2752
3664
8674
9224
9890
9211
5274
2840
3284
9261
2541
3832
6238
1667
5479
9684
9094
7440
106
1172
9641
5738
44
4227
3855
3310
7548
8515
2983
6393
9569
3454
3834
6536
9193
8132
9390
6943
4585
9290
1784
2262
6794
6297
4862
5507
3183
6019
275
8503
1023
5844
620
6604
6345
1743
195
7012
3429
2382
2825
7459
3946
8783
7645
9368
1333
8384
4439
9213
1766
8003
6589
6756
5120
4343
6097
6106
7640
9463
7824
6442
270
1662
8930
8873
4922
4452
6812
9301
5312
5759
5098
2625
9930
9821
3553
3374
8089
5207
5595
6261
6413
7284
296
4903
2792
9829
1965
3269
1150
5866
5162
9011
1711
6426
7176
6446
4116
75
9002
9111
9690
6257
396
833
1468
3953
9174
173
3027
803
6043
1880
3368
6243
8433
6768
8241
7924
7313
5245
4755
461
1700
6880
4644
1114
9395
8533
1508
1619
5768
6094
4294
989
3151
293
9183
201
2718
7486
1841
9266
8114
3521
1354
574
8243
6149
1537
811
144
5598
938
1285
9255
8320
855
5880
6555
1116
6978
8755
2620
6001
3608
8706
6333
7448
3503
1134
1803
5384
508
2866
3194
6234
7748
1191
6116
8696
6928
4958
6566
2217
6620
318
5573
6542
3647
8164
4066
4618
290
7110
8834
5573
7920
8622
8500
2758
9115
4296
5680
2086
2964
9649
3171
9199
3945
8804
683
7083
6345
2179
3269
4110
2193
3708
3070
9442
2979
3333
1704
8394
1379
7732
689
1406
7228
285
3627
2773
2047
3990
6552
4244
6721
7227
794
1198
3352
1405
7111
6749
4529
1094
7871
9025
5953
2297
7559
1865
2804
3370
2189
6405
8749
7785
2548
9780
4152
7479
4661
2767
8097
7212
1329
2628
8460
1387
6549
1153
7283
337
5930
9427
4772
2241
2722
4354
5394
8296
5774
3762
9610
3050
7059
6939
2105
9032
2523
1502
1026
9688
2274
636
5064
2143
503
5677
7136
1773
8291
7726
505
4635
1023
3305
8565
1960
1954
3437
437
9857
7476
942
1891
9117
3403
9136
8972
2844
1510
8675
7116
6428
2349
8027
7740
9635
414
8318
6055
6430
2007
1549
7079
850
2864
5597
6232
5639
5464
3882
7547
8905
9890
2606
6655
990
7517
8120
4085
4434
4100
4761
5043
164
6252
9076
4105
9679
1407
3318
1235
7710
3650
3827
9024
4041
652
4786
6402
1296
2608
8069
547
8308
16
4889
4920
381
3920
9261
4377
6508
1312
1506
5371
3417
951
8485
7358
106
8876
73
3696
5062
8882
3334
2876
6192
8137
4072
5195
1791
8064
5605
7773
6264
9027
6867
7583
1630
3838
9801
4369
8563
3395
892
6164
736
4993
7093
2101
9462
7720
2457
2863
4713
691
4567
4936
9538
3606
5012
6985
9150
7528
3395
7471
5258
631
7056
9860
4028
4426
1165
4409
5827
6927
4148
845
1550
3892
218
3327
8849
1897
8710
8779
1287
842
68
2406
9467
709
2614
6128
8140
8152
2254
405
8453
9238
1904
9739
3404
138
4268
1705
1811
5158
4326
9266
9552
7253
4864
5404
3623
665
6255
7175
592
9912
5013
8206
8182
2193
4611
8030
526
7053
803
3136
7241
2496
5277
3831
9458
7709
1714
8026
6042
5966
5805
1666
2986
7949
2898
6237
9411
1919
3847
8958
7463
9727
1891
7256
7788
5180
6163
7406
7034
2425
8347
3718
4610
6569
2812
3769
313
9534
4905
8888
8290
3780
2238
6891
6332
5610
8540
2443
9229
9923
8523
1103
7685
7579
2301
6806
7043
3928
3354
7942
1240
6779
8290
6601
5175
4287
6064
2217
6022
1863
3922
142
4583
1040
178
5141
7038
5817
8493
5008
8075
6790
9677
6894
8100
8152
1759
6638
849
6420
2166
652
1354
4641
4138
7137
8844
977
9349
7618
8690
6698
8245
7038
3854
5254
3836
8476
1129
8395
3301
9055
14
2317
3662
9007
4951
8842
2457
6000
2524
6863
9243
4650
5083
9293
1497
9837
4230
5716
5980
8035
2824
6074
9557
8721
2773
8220
6530
9860
3590
2013
4533
9632
3671
505
4348
9681
5577
3452
4242
4686
5943
8816
8737
30
7383
6213
4732
1447
3194
5414
80
3754
3391
4743
5988
6490
6939
5342
1414
6196
3738
4417
4160
7875
291
9443
9910
730
1009
6588
3034
6131
2116
2390
7644
4276
8626
224
7522
44
488
6953
5159
3617
8997
7926
7397
463
7420
1489
4697
366
731
8400
5672
2452
2347
2772
8374
7825
7397
4288
6395
6356
7533
4209
9438
1416
2097
1496
8591
7436
4626
2573
1876
8956
4304
8186
3119
9864
2471
6022
2411
9340
4576
2564
392
630
3850
7113
8395
1125
4407
740
1796
1682
5893
1870
178
4524
876
6045
5948
5863
5182
5468
3884
5901
7279
9870
6260
3804
1702
7744
4539
7518
8897
4575
708
706
2871
7344
4856
7578
4426
1706
9860
7014
6127
4984
1382
5719
3777
4843
8796
8916
7796
5250
1922
8445
8830
173
9493
6238
2831
8245
6354
9280
9492
4168
8883
8495
7747
971
6177
1388
7761
3809
7876
4964
6648
4243
4965
3887
3008
1146
5759
8801
1138
5391
5636
4502
8866
5875
1625
8233
5793
5393
75
1945
2871
9871
7011
7353
5446
6133
5946
1922
1107
3558
6049
641
4418
9902
4518
9687
6042
4814
6235
7495
3552
199
2778
1224
1126
5780
1823
316
4332
7844
1192
351
1566
4036
1033
188
2884
5684
8746
6545
9880
6911
3265
5371
1193
5590
6546
6368
131
3962
9347
2642
9640
5213
4017
3016
5587
1550
6472
951
4852
7227
4175
4134
9691
2944
7135
8201
9847
1725
5197
9136
7531
2872
3720
7307
8818
5297
3417
9462
911
5749
1606
9391
7640
2706
7362
2427
5954
3263
3640
3227
3104
1212
1356
56
8499
4298
8470
8175
3045
9383
4682
5190
1881
9508
4370
798
9774
6321
296
7083
87
2001
4487
475
7986
6829
4440
3084
5440
6512
2827
1728
6736
664
6409
5855
4199
3906
1059
1968
5305
7392
495
6909
7416
4302
8104
8840
3312
8756
4642
7024
9795
2426
4126
5827
6112
1279
4310
6644
6069
8642
2231
8506
8527
3298
6801
9693
144
2532
4178
5479
400
1797
4818
403
7218
8790
7352
755
7950
5951
4719
1263
5537
590
8231
2350
6130
9064
7350
1543
6101
8645
6455
8567
9684
1072
3157
3113
3629
7066
9996
9024
257
8639
9706
5159
4888
571
3391
3587
8983
2588
2233
2604
7880
9080
4180
9887
7953
3160
52
9460
2314
6602
7020
5633
9488
3138
3393
1141
73
3881
2554
5059
3617
5774
1492
6497
1090
8697
8495
6038
3273
7941
2164
4010
1639
9117
6368
2596
3303
8317
5586
2158
9185
1349
4340
621
1776
8701
7147
438
7432
5232
6014
8177
2713
7349
1833
9232
1053
7223
4167
1306
2011
5355
4641
7141
8179
4945
429
2591
8673
411
3357
3473
7689
6943
8785
7971
2837
3044
8680
7129
8614
3460
3462
3869
5660
5308
3855
8994
5499
6864
2601
6381
4757
9427
8549
3159
2533
8300
4501
4319
1562
4131
6789
1840
9832
4040
2858
792
2485
3277
8586
7820
563
9322
4975
2515
5152
2130
3177
4776
8886
1194
4001
450
4208
2487
2709
9852
9496
8282
8435
9046
3376
2421
9752
898
8095
7354
8014
6043
7463
499
1972
3905
3614
6405
2781
481
5127
3701
5987
1109
2942
395
4731
2792
7712
7785
4435
9732
4381
2234
602
1920
5286
7882
8123
9741
3630
9432
8295
1004
8263
9032
6988
2765
1317
4113
661
1355
8334
2195
5911
8492
8285
2881
1292
3614
9988
3498
9702
1694
2564
9585
6488
8998
6428
5020
1473
8657
1775
2594
5214
6407
9696
4231
2841
1677
1082
5015
8027
2393
6715
4628
5562
9940
1311
472
1197
7365
9138
7887
792
6711
1385
110
5198
2707
3049
3802
5739
7172
4981
484
7719
9326
7839
3975
2756
8519
1418
2835
6145
195
5981
7712
166
5539
5098
4440
123
1979
2079
2131
2536
8392
5221
5758
269
1626
5153
854
4392
3395
3364
7964
2355
1037
2310
812
4463
8342
2655
3689
47
7738
7025
2542
9866
8705
8136
1609
3069
6457
9080
4367
5431
5083
170
9068
6024
5563
4745
4109
4174
5540
1794
5651
1042
8333
2304
5569
5061
5725
4221
3388
7565
6464
5880
1991
1724
9966
3174
402
5800
2812
3214
3753
9599
302
4979
4554
7854
4682
1574
8788
6653
628
53
3984
3241
6816
8596
7885
1183
9381
6801
8725
1928
7142
9093
7219
1400
4996
5134
1036
759
4348
4479
6586
9464
9850
5895
3846
3588
806
5912
5791
9586
4889
8100
5972
220
7223
7448
2423
9155
7921
5059
7333
2075
9856
367
9415
2954
3129
2697
8271
7622
7777
2799
3293
296
2080
4276
5360
5479
129
8541
8926
9311
113
1931
5866
4424
566
6236
3084
2101
7366
2183
9425
9974
9046
7785
7774
6007
5121
8558
2245
4222
9013
3123
4167
2453
8724
3158
618
4823
5976
1884
8828
7112
7518
9264
9063
9092
4805
7601
7446
9442
28
2991
8071
4705
2024
6025
2227
3915
8003
5390
4339
9011
7489
5279
2534
5622
6353
6426
294
7135
9581
4406
2798
7475
8279
8392
1624
1041
4653
9128
6239
4118
2931
909
3671
1456
8793
8499
1963
3964
9768
9872
5651
4429
4006
5950
4863
2956
9571
590
923
281
375
3171
7263
6548
2165
1501
5475
1457
7702
4923
8488
4098
7026
3561
9568
6719
350
2248
9616
8305
9049
1316
4314
1876
1285
8746
3010
8135
7228
7408
7920
8016
6462
6516
7307
446
7593
887
2832
6231
1234
6873
9594
7317
9803
6252
8091
8418
129
6580
4620
2361
3986
2865
5445
397
5060
2642
3512
8032
9270
3986
231
4610
1715
3099
2997
8218
7366
0
9573
8961
1528
6729
9629
4584
3512
8919
2166
7785
1883
8151
8719
7595
1549
7228
8310
534
5822
6130
4390
689
4904
3285
6320
8984
7471
5191
1943
1744
1797
482
370
4306
9857
3432
9399
7386
733
1783
4560
2636
5972
5704
629
8612
1032
2097
4751
9768
8833
8371
3511
2750
7444
8412
3786
9153
9242
661
4975
419
6938
7218
9332
9108
7893
6234
1694
5174
7249
1123
1897
9552
1996
