1222
5994
2607
9177
1581
6385
6687
9818
2126
4526
9361
2188
2967
3593
658
5450
2940
8808
2192
5810
4563
8041
467
828
9363
4457
4692
5806
7462
1308
3069
438
878
9771
2831
4825
3749
24
7669
6589
6380
1132
7080
7426
5633
688
8625
9626
7318
421
5334
4518
2403
4097
9902
7793
8168
7859
591
1702
4812
8150
3344
2665
1009
3613
6719
750
6579
8807
309
4418
6526
286
2680
468
3569
5080
5699
6074
9843
9830
5516
7153
3297
5055
8284
2327
1034
1384
9345
899
9896
4195
5254
498
5611
2723
5140
9642
6469
9576
5630
1743
1046
2722
2225
6088
5200
9747
8283
9724
718
2717
1449
47
7443
7501
9548
4869
3788
3798
6992
7138
5403
5455
9441
7664
913
4406
5066
6406
4465
5683
2953
1805
859
8231
9828
3930
6414
1819
5225
2066
5246
1560
7213
6981
7142
2547
