13482
13633
6038
9149
5737
15008
17020
5325
4775
1771
8605
8207
14420
2383
11549
6085
14514
8074
7733
10011
6967
6048
6272
6808
4307
17188
19688
5545
2886
15007
16198
13055
6228
14974
371
4793
17046
5870
2156
11864
201
10442
18582
7094
1147
5915
1589
14960
16002
8058
4418
19707
11575
9228
6116
17347
41
6014
12646
4546
1744
10947
1175
1079
19815
3163
10852
4939
3204
6233
8024
16309
13077
6728
5267
4373
799
11592
10162
4915
18942
19165
9684
16419
5746
18907
5968
17879
16844
2772
4905
6309
13400
9657
14070
6675
13002
11946
15293
7590
15202
10537
36
11338
18278
14920
15699
5344
18574
3362
15079
15967
411
8450
7215
13416
2201
1321
5283
6685
3608
12851
16117
18784
19364
7338
9378
5342
1385
16371
1549
7272
1845
6088
13094
6804
17280
6858
2
4445
6868
4856
8926
18360
7105
14741
19159
11789
823
11900
17109
998
18123
16574
3813
3441
14041
2870
8563
14789
10394
11625
13777
12551
6832
1540
5831
19307
6003
8829
19621
11162
2296
12259
10203
12290
12570
13032
3179
11400
11746
4102
18841
11830
19359
10630
19790
1758
10021
9660
16215
16726
6636
875
19229
1022
10407
391
3761
12349
10397
19891
13692
16649
5128
16794
9633
16550
11704
13919
10624
92
3606
4036
14997
9873
3166
387
7400
9334
7117
7857
5017
13561
17241
6750
13922
18627
4906
7897
14685
10605
14011
8252
11192
8130
7232
15954
13486
429
11679
5946
310
11289
6940
1897
4098
17047
13399
10395
19479
5201
15416
10261
4411
8614
6801
12619
3382
1287
9252
12266
246
1633
2575
1989
4957
11066
2466
9516
19948
13492
3706
9331
13485
15253
17599
2669
7654
5607
16037
5843
10913
5690
9972
3864
10549
14247
13536
10675
18663
14679
9653
13648
3516
908
3786
8831
7727
12279
15101
7186
15777
19355
8276
5221
19387
19767
12059
15591
1365
4233
6719
13210
9534
6129
19369
13776
14051
8939
4910
11606
903
12088
5240
12616
14736
2486
12776
18497
17393
3614
8052
6631
1302
14924
1050
9901
14793
10301
1969
15344
4406
15494
8517
6373
8889
17237
3954
10033
1384
755
18167
3877
17884
8315
4986
1433
9047
15632
330
200
12899
17118
6073
9243
17684
1911
2697
3268
17003
9138
13270
10375
9947
573
7390
12147
13854
19228
12100
15480
19900
12178
5044
7156
11144
6271
11538
13107
8560
15906
4151
3655
724
17500
9665
12402
8752
11500
8603
10358
1185
11318
720
13453
10273
19140
15499
13942
13828
8092
1373
18092
4806
14291
17049
15342
3087
11149
10761
16908
12506
12629
12664
335
19559
15955
4506
9902
10408
19602
10823
9895
9261
12682
9716
17610
8433
17840
14456
925
2602
13301
16373
14967
3310
2690
3480
6328
19109
3738
19152
17143
19286
4367
18373
7330
10812
161
17371
3134
13325
1903
16156
13282
9664
10482
14029
19296
2344
2625
12883
6905
12721
19049
3972
18813
10233
8427
16178
12367
9412
2502
13630
4517
373
13607
2822
10580
11773
3909
10773
14858
6068
3985
18144
150
2760
4755
8833
7984
13628
19356
3479
1507
18273
7587
18897
12017
7085
18409
1277
16448
12590
1813
13795
412
11846
1636
8648
18983
8814
10004
4439
1214
19566
13718
16454
1938
13850
14178
4958
15783
3617
10995
7204
122
13144
5142
3188
17954
13313
11261
18792
17167
5475
11478
12890
12541
15224
14077
14973
12881
6095
11658
19293
17724
11567
3933
11922
9182
3740
4154
3034
13213
9879
7599
12594
10802
3833
18526
11295
11605
7505
9257
18460
15124
1320
4441
11839
4273
10422
13414
5478
11790
13564
7902
12170
14738
2104
1420
4564
15743
6619
14902
7911
13608
5794
13510
5304
17401
19108
7501
6578
16323
17416
11640
15431
10648
19753
14143
15439
5937
13314
15481
5034
13760
8320
10839
10815
5594
9188
13896
4205
7730
2045
6939
4437
2727
2426
14529
2710
15141
16381
8078
16316
11674
8570
4933
14363
12866
17063
18158
16906
19061
19648
8838
13364
14281
3007
4996
6079
19023
12294
9112
15404
4661
13905
5078
6122
1311
5565
8933
17596
11909
14048
17293
4730
8714
11998
17942
9179
3272
7309
15321
17999
10221
16595
13085
4057
9301
2071
18168
11157
5373
15950
8248
16498
10968
15233
9931
11421
8329
7706
15927
18157
3512
15857
11912
10311
10058
13050
6865
18584
3061
4459
15088
12133
12030
10437
8682
2332
1092
4041
1297
5328
6165
17119
9686
7300
5041
3297
13810
15887
13824
15535
1215
5592
17553
9707
11362
11058
7523
18155
1963
10619
16120
19654
5652
3928
1827
10133
4717
1787
17449
9436
11145
15182
11745
12654
4681
5121
1253
205
11876
12507
2251
7488
8190
10732
4686
8505
8602
7625
9715
14605
6562
19764
8777
15779
11778
11650
3178
6161
5636
13729
8139
13936
11669
19423
3943
16762
17909
14374
14797
9562
14312
16423
11403
14539
2725
13929
3758
17776
10382
17162
17404
3500
6118
